the best solution's fitness is 
56775.7
the time when getting the optimal solution is 
1
the sequence of best solution is following
0 10 
0 5 
0 23 16 13 7 17 21 15 12 4 3 8 25 32 39 31 41 38 63 88 78 60 44 27 24 29 30 45 67 66 99 118 124 114 144 164 152 128 113 106 79 97 96 87 73 83 103 85 62 77 53 36 20 34 50 42 82 92 74 49 48 72 58 76 95 110 121 137 134 147 142 161 143 131 170 221 228 267 278 277 312 348 335 322 427 421 371 360 331 306 291 271 240 207 234 232 183 172 202 188 225 229 255 249 268 289 283 284 315 320 349 366 408 416 390 406 377 354 344 350 383 397 402 424 432 474 503 518 504 498 459 453 444 457 439 412 414 403 373 337 327 309 294 272 242 244 259 260 282 295 340 368 400 382 355 361 324 285 263 256 250 224 243 222 212 197 165 149 135 140 146 156 175 200 196 203 158 127 111 125 151 163 184 193 178 205 236 246 264 251 238 223 210 190 174 171 185 159 130 117 123 145 169 192 220 213 233 257 252 266 265 247 281 286 328 345 381 384 343 325 321 310 316 298 317 292 307 336 362 374 380 363 356 365 398 409 433 418 428 450 452 488 507 526 534 528 509 513 508 489 487 473 461 458 464 483 486 499 492 469 467 463 431 413 415 401 417 404 422 430 471 491 500 505 479 451 460 466 478 477 506 515 533 542 536 530 545 566 580 604 640 595 591 610 618 599 578 585 571 554 535 541 552 556 569 592 596 615 648 629 639 658 674 672 699 713 708 743 764 766 745 780 793 815 823 785 805 795 824 831 841 871 886 875 890 911 908 935 925 904 879 850 834 855 846 822 804 787 770 735 727 751 734 720 694 668 663 638 612 609 602 632 627 643 671 667 651 655 681 686 705 709 696 722 748 778 763 752 733 718 691 711 728 693 660 642 633 608 601 598 593 582 575 567 573 568 565 586 605 636 616 584 600 637 624 613 589 611 646 661 677 714 739 782 797 842 839 796 798 819 807 775 790 776 777 753 756 741 719 715 695 725 755 750 749 726 687 680 669 653 647 630 635 606 649 673 702 675 684 704 710 729 769 759 754 779 786 794 801 808 812 832 827 859 864 836 849 861 853 851 870 881 895 889 894 898 910 933 940 957 973 991 987 971 948 932 916 918 937 891 883 900 915 914 936 945 962 970 965 968 943 924 939 951 979 1001 985 1003 1005 1008 998 967 980 961 966 990 975 972 952 938 928 944 960 947 929 930 964 986 984 976 996 993 1017 994 1015 1025 1028 1047 1037 1046 1044 1063 1076 1090 1080 1061 1055 1065 1064 1092 1105 1110 1131 1120 1079 1091 1139 1158 1182 1188 1208 1222 1201 1176 1151 1126 1114 1125 1121 1149 1134 1127 1150 1166 1165 1136 1128 1117 1098 1086 1059 1050 1042 1049 1087 1108 1082 1070 1051 1073 1041 1036 1034 1022 1024 1006 1012 1019 1010 997 978 963 946 926 923 905 903 927 919 899 892 882 876 862 863 860 866 872 893 907 942 955 977 989 995 1014 1031 1039 1067 1057 1054 1058 1074 1100 1093 1112 1101 1099 1143 1167 1192 1220 1235 1224 1183 1198 1211 1196 1202 1232 1229 1245 1258 1271 1259 1275 1266 1250 1244 1230 1240 1231 1219 1239 1228 1218 1190 1207 1203 1163 1141 1107 1109 1102 1132 1156 1160 1159 1171 1162 1177 1206 1200 1174 1157 1146 1142 1122 1089 1085 1071 1062 1066 1077 1103 1104 1119 1084 1075 1056 1043 1053 1030 1016 1009 988 1002 1026 1045 1078 1094 1068 1048 1033 1060 1072 1083 1096 1106 1123 1153 1148 1140 1118 1129 1152 1168 1184 1236 1226 1209 1193 1179 1178 1180 1204 1215 1212 1189 1181 1161 1185 1175 1172 1173 1199 1225 1223 1241 1252 1254 1262 1277 1278 1273 1260 1246 1248 1238 1243 1233 1213 1221 1242 1253 1263 1251 1268 1255 1261 1279 1290 1280 1298 1304 1322 1337 1333 1320 1325 1341 1328 1315 1293 1296 1295 1306 1307 1267 1257 1270 1269 1265 1264 1284 1294 1311 1327 1321 1303 1326 1319 1332 1336 1348 1343 1355 1357 1367 1372 1361 1360 1350 1346 1347 1349 1334 1352 1358 1364 1368 1376 1369 1374 1375 1371 1370 1377 1378 1373 1365 1359 1356 1354 1353 1366 1363 1362 1351 1342 1335 1316 1312 1313 1329 1344 1345 1339 1340 1331 1314 1291 1285 1282 1276 1283 1297 1308 1299 1301 1317 1324 1305 1292 1289 1286 1274 1287 1281 1288 1310 1309 1318 1323 1338 1330 1302 1300 1272 1256 1249 1247 1227 1214 1197 1191 1210 1234 1237 1217 1194 1186 1164 1154 1170 1187 1216 1205 1195 1169 1145 1124 1113 1088 1069 1095 1116 1135 1137 1155 1130 1138 1115 1144 1133 1147 1111 1097 1081 1052 1040 1020 1007 992 954 959 922 941 931 958 974 950 949 956 969 1000 1018 1004 1013 1035 1038 1023 1021 1027 1032 1029 1011 983 982 999 981 953 917 921 913 887 884 873 877 854 829 830 806 820 840 847 857 835 825 814 813 810 784 758 757 760 732 737 773 761 774 788 821 802 768 744 791 816 828 843 848 826 837 844 867 901 909 920 906 880 874 888 865 885 856 833 809 803 799 781 772 783 817 852 896 934 897 878 858 838 869 912 902 868 845 818 800 762 792 811 789 767 747 730 698 712 676 679 683 706 740 731 746 738 689 670 666 644 631 622 548 558 579 583 544 521 520 496 497 426 437 495 465 456 410 448 502 494 529 546 540 557 562 581 594 626 628 654 659 607 619 650 664 685 716 717 736 771 765 742 721 690 707 697 724 701 692 703 678 700 723 688 682 662 623 621 587 597 570 563 564 588 617 645 656 641 665 657 634 614 590 603 625 652 620 576 551 550 531 539 572 574 547 525 514 481 480 476 522 538 484 501 516 532 517 524 553 560 577 543 561 537 511 527 549 555 559 523 519 512 482 438 420 391 357 313 329 326 290 276 261 248 227 181 187 209 215 191 166 141 132 126 160 148 182 194 216 204 208 239 245 270 269 254 293 299 308 319 332 346 364 358 370 388 407 396 376 395 394 393 367 369 330 314 296 323 339 353 387 411 425 429 472 485 468 475 434 423 445 470 510 490 446 454 440 447 436 449 442 435 419 405 386 385 389 372 347 334 338 352 375 351 341 379 392 378 443 462 493 455 441 399 359 333 305 297 235 241 219 201 180 139 133 107 61 26 11 6 28 40 47 46 71 19 14 33 56 70 93 122 112 115 75 57 55 81 98 116 120 153 162 167 206 231 198 168 173 177 214 218 288 302 342 303 318 300 275 262 237 273 287 274 253 280 301 304 311 279 258 217 211 189 186 157 129 119 89 91 105 102 94 136 150 154 179 195 226 230 199 176 155 138 109 108 104 86 64 59 52 43 68 80 90 101 84 100 65 54 69 51 37 35 22 9 18 2 1 

the using frequency of each operators in EAX is following
the percentage of or-insert is -nan
the percentage of or-swap is -nan
all percentage of each operator is following 
-nan  -nan  -nan  -nan  
-nan  -nan  -nan  -nan  
-nan  -nan  -nan  -nan  
-nan  -nan  -nan  -nan  


