the best solution's fitness is 
142401
the time when getting the optimal solution is 
1
the sequence of best solution is following
0 164 
0 161 
0 134 
0 1 
0 162 
0 163 
0 160 
0 165 
0 10 
0 133 
0 11 
0 166 167 168 169 170 171 186 187 196 185 179 181 177 180 176 178 175 174 173 172 183 182 343 336 335 342 341 340 338 339 184 337 332 346 344 331 330 530 329 328 327 333 334 326 325 324 538 537 524 523 525 536 535 533 534 532 531 529 528 527 526 521 520 519 522 518 517 516 515 758 760 761 762 763 759 764 765 766 768 776 775 774 773 767 772 771 770 769 950 953 954 955 962 963 956 951 957 958 959 952 967 966 965 1065 964 1055 1054 1053 1050 1052 1051 1049 961 960 1048 1047 1058 1059 1060 1061 1056 1057 1062 1063 1064 1199 1198 1197 1196 1195 1194 1193 1192 1191 1190 1180 1181 1385 1384 1376 1377 1378 1379 1380 1381 1382 1388 1387 1386 1182 1183 1184 1189 1188 1187 1185 1186 1390 1389 1383 1375 1374 1373 1372 1371 1370 1369 1368 1367 1366 1365 1364 1363 1453 1452 1443 1444 1451 1454 1455 1456 1457 1458 1459 1450 1449 1448 1447 1446 1445 1562 1555 1554 1553 1552 1543 1544 1542 1541 1586 1583 1585 1584 1582 1581 1579 1580 1578 1574 1573 1572 1571 1570 1569 1575 1568 1567 1576 1566 1565 2269 2270 2271 2272 2273 2274 1609 2276 2275 2267 2266 2260 2265 2264 2263 2268 2262 2261 2259 2278 2286 2297 2298 2314 2315 2414 2318 2316 2317 2319 2324 2320 2325 2321 2322 2323 2326 2327 2306 2307 2308 2309 2310 2313 2311 2312 2299 2296 2300 2301 2302 2295 2303 2304 2305 2294 2293 2292 2291 2290 2289 2288 2287 2279 2280 2281 2282 2283 2284 2285 2277 2335 2334 2332 2331 2330 2328 1611 1610 1577 1563 1550 1549 1548 1547 1546 1545 1551 1556 1557 1558 1559 1560 1561 1564 1463 1464 1460 1461 1462 1403 1404 1405 1402 1391 1466 1465 1483 1484 1491 1485 1482 1486 1487 1488 1489 1478 1477 1490 1494 1493 1399 1398 1397 1396 1395 1492 1394 1393 1392 1400 1401 1406 1407 1408 1409 1410 1411 1412 1415 1413 1414 1434 1214 1213 1212 1211 1210 1209 1208 1207 1202 1201 1206 1205 1204 1200 1203 1226 1225 1224 1223 1222 1221 1220 1218 1217 1216 1215 1082 1219 1081 1080 1079 1078 1077 1076 1075 1066 1067 1068 1069 1071 1070 1072 1073 1074 976 975 973 974 972 971 970 969 968 789 790 788 791 792 793 794 787 795 978 977 980 979 820 796 819 818 817 821 816 815 814 813 812 811 810 809 805 804 803 802 801 800 799 798 822 797 574 573 575 576 577 578 579 580 581 586 587 588 589 590 602 601 600 599 598 597 595 596 594 593 592 591 585 584 583 582 806 807 808 850 827 826 825 824 993 992 823 991 990 989 988 994 987 986 985 984 983 982 981 995 996 997 998 999 1000 1001 1002 1004 1003 1005 1006 1007 1008 1250 1249 1248 1247 1240 1246 1251 1252 1253 1254 1255 1241 1242 1243 1244 1245 1239 1233 1234 1235 1236 1237 1238 1442 1441 1440 1439 1438 1437 1436 1435 1232 1231 1230 1229 1228 1227 1431 1432 1433 1429 1428 1420 1421 1422 1430 1423 1424 1425 1427 1426 1540 1539 1538 1537 1536 1535 1534 1533 1419 1418 1417 1416 1501 1502 1500 1499 1529 1530 1531 1532 1528 1527 1524 1523 1522 1521 1520 1519 1516 1518 1517 1514 1513 1512 1515 1511 1510 1509 1508 1507 1506 1505 1504 1503 1525 1526 1498 1497 1496 1495 1476 1475 1474 1473 1472 1479 1471 1470 1480 1469 1468 1481 1467 1608 1607 1606 1605 1604 1602 1603 1601 1600 1599 1598 1597 1596 1595 1594 1593 1592 1591 1590 1589 1587 1588 1625 1613 1612 1614 1615 1616 1617 1618 1623 1622 1619 1620 1621 1624 1629 1628 1627 1626 1649 1648 1647 1646 1645 1644 1643 1642 1641 1640 1654 1655 1656 1657 1658 1651 1652 1653 1639 1638 1637 1636 1635 1634 1632 1633 1650 1661 1660 1659 1662 1663 1664 1665 1666 1667 1668 1669 1671 1670 1672 1713 1712 1711 1710 1709 1708 1707 1681 1706 1705 2436 1704 1703 1702 1701 1680 1679 1700 1699 1698 1697 1696 1695 1739 1694 1693 1692 1691 1735 1736 1732 1730 1728 1729 1690 1689 1688 1678 1687 1724 1725 1721 1719 1718 1716 1715 1714 1717 1720 1684 1685 1723 1686 1677 1676 1675 1683 1682 1674 1673 1013 1014 1015 1011 1016 1017 1018 1019 1020 1021 1012 849 848 847 846 845 1010 844 1009 843 842 828 829 830 831 832 833 834 835 836 838 839 837 851 841 840 632 614 613 612 611 610 609 608 607 606 605 604 603 627 626 624 623 622 621 620 619 618 617 625 616 615 631 630 629 628 659 658 657 656 655 643 653 652 650 651 647 649 648 646 644 645 642 641 640 856 639 638 637 855 636 635 634 633 853 854 859 860 861 862 863 864 865 866 867 878 877 1028 1027 876 875 874 1026 1025 873 872 1024 871 870 869 868 858 852 857 1023 1022 1030 1031 1032 1033 1034 1035 1036 1037 1038 1039 1040 1029 1042 1041 879 880 881 882 883 884 885 886 887 888 889 890 898 897 896 895 894 893 892 891 1043 1118 1119 1120 1121 1122 1123 1124 1125 1044 1139 1140 1141 1142 1143 1045 1046 1146 1145 1144 1148 1153 1154 1155 1156 1157 1158 1159 1160 1334 1333 1332 1331 1330 1329 1328 1327 1326 1325 1324 1323 1322 1321 1319 1320 1152 1151 1150 1149 1147 1130 1138 1129 1137 1128 1136 1135 1127 1134 1133 1126 1132 1131 1300 1299 1298 1301 1302 1297 1303 1304 1305 1306 1307 1296 1295 1294 1293 1292 1290 1291 1289 1288 1287 1282 1281 1283 1284 1285 1286 1117 1116 1115 1114 1097 1096 1094 1095 1093 1092 1091 1090 1089 1088 1087 1086 1085 1084 1083 1099 1098 1764 1765 1766 1796 1767 1722 1768 1769 1797 1770 1727 1726 1731 1733 1734 1737 1738 1776 1775 1774 1773 1772 1771 1798 1812 1813 1826 1814 1815 1827 1816 1817 1818 1259 1258 1257 1269 1271 1270 1272 1256 1102 1103 1100 1104 1105 1106 1107 1108 1109 1110 1111 1112 1101 1113 1279 1278 1277 1276 1275 1274 1273 1268 1267 1260 1261 1262 1263 1264 1265 1266 1280 1825 1824 1823 1822 1829 1832 1831 1830 1821 1820 1819 1828 1833 1916 1924 1923 1922 1935 1934 1921 1920 1919 1932 1933 2018 2019 2020 2021 1936 1937 1938 1939 1926 1925 1917 1918 1834 1927 1940 1941 1928 1929 1942 1943 1930 1931 1945 1944 1946 2023 1948 1947 1950 1951 1952 1949 1953 1954 1955 1956 1957 1959 1968 1967 1966 1965 1958 1964 1960 1963 1962 1961 2025 2024 2063 2061 2064 2026 2065 2066 2067 2068 2069 2070 2071 2072 2073 2074 2137 2075 2076 2077 2078 2062 2060 2135 2134 2133 2058 2059 2045 2044 2043 2057 2056 2042 2041 2055 2054 2040 2022 2039 2053 2052 2038 2037 2051 2050 2036 2035 2034 2033 2017 2016 2032 2046 2047 2048 2049 2130 2132 2131 2129 2128 2127 2126 1806 1807 1788 1787 1748 1786 1785 1805 1804 1784 1783 1782 1803 1802 1781 1780 1801 1800 1799 1777 1778 1779 1740 1741 1742 1743 1744 1745 1746 1747 1749 1750 1751 1752 1753 1759 1760 1761 1762 1758 1757 1755 1756 1754 1791 1790 1789 1808 1809 1810 1792 1793 1811 1794 1795 2445 2467 2466 2465 2444 1763 2443 2464 2463 2442 2441 2462 2461 2440 2439 2460 2459 2438 2437 2458 2472 2457 2456 2435 2424 2423 2422 2421 2420 2419 2418 2417 2416 2415 2396 1631 1630 2397 2361 2360 2359 2358 2357 2354 2356 2355 2329 2333 2369 2368 2367 2370 2371 2366 2365 2364 2363 2401 2399 2398 2400 2468 2446 2425 2426 2447 2448 2427 2428 2429 2430 2431 2432 2433 2434 2455 2454 2453 2452 2362 2451 2450 2449 2469 2470 2471 2479 2478 2477 2476 2475 2496 2497 2498 2499 2500 2501 2480 2481 2502 2517 2503 2482 2483 2484 2505 2504 2518 2519 2520 2521 2506 2485 2486 2507 2508 2487 2488 2509 2510 2489 2490 2511 2512 2491 2492 2473 2493 2514 2513 2522 2545 2544 2543 2542 2541 2540 2539 2562 2563 2564 2583 2626 2581 2580 2582 2579 2560 2561 2538 2537 2536 2559 2558 2557 2535 2534 2556 2555 2533 2532 2531 2530 2529 2528 2527 2516 2525 2524 2526 2523 2407 2495 2404 2402 2373 2374 2372 2375 2376 2377 2378 2379 2336 2337 2338 2341 2342 2343 2339 2340 2380 2381 2382 2383 2384 2385 2386 2387 2403 2405 2406 2408 2410 2395 2394 2393 2392 2391 2390 2388 2389 2344 2345 2348 2347 2350 2349 2346 2351 2352 2353 2413 2412 2411 2409 2546 2547 2548 2549 2550 2551 2570 2572 2569 2588 2587 2568 2567 2566 2565 2584 2604 2605 2585 2586 2606 2607 2608 2609 2589 2590 2610 2611 2591 2625 2571 2552 2553 2554 2573 2574 2593 2592 2612 2613 2614 2594 2575 2576 2577 2578 2597 2596 2595 2615 2616 2617 2618 2598 2599 2619 2620 2600 2601 2621 2622 2602 2603 2623 2624 2958 3033 2916 2869 2870 2845 2849 2871 2894 2872 2850 2846 2851 2873 2874 2852 2853 2875 2876 2854 2855 2877 2878 2856 2857 2847 2858 2848 2881 2882 2905 2904 2903 2925 2924 2902 2880 2879 2901 2923 2922 2979 2899 2921 2942 2941 2920 2898 2897 2919 2940 2939 2918 2896 2900 2895 2917 2938 2959 2960 2961 2962 2963 2964 2943 2944 2965 2966 2945 2946 2967 2968 2969 2948 2947 2926 2927 2928 2906 2883 2884 2859 2860 2885 2908 2907 2929 2950 2949 2970 2971 2972 2951 2930 2931 2909 2910 2932 2953 2952 2973 2974 2975 2954 2933 2911 2888 2887 2886 2861 2862 2863 2864 2865 2866 2867 2868 2893 2892 2915 2914 2891 2890 2889 2912 2913 2934 2935 2956 2955 2976 2977 2978 2957 2936 2937 3034 3035 3018 3015 3016 2987 2986 2985 2984 2981 2983 3014 3013 2982 2980 2819 2820 2821 2826 2822 2823 2827 2824 2825 2829 2828 2988 2989 3017 3019 3021 3020 2990 2991 2992 3001 3022 3023 3025 3024 3005 3004 3003 3002 2993 2994 2995 3006 3007 3026 3027 3029 3028 3009 3008 2996 2997 2998 2999 3010 3011 3030 3031 3032 3036 3037 3012 3000 2844 2842 2841 2843 2840 2839 2818 2838 2837 2836 2835 2834 2816 2831 2833 2832 2830 2815 2804 2805 2786 2785 2803 2802 2814 2801 2784 2783 2800 2799 2798 2782 2797 2796 2795 2794 2793 2781 2710 2732 2733 2731 2730 2728 2729 2727 2726 2724 2725 2723 2721 2719 2717 2715 2713 2712 2711 2704 2705 2706 2707 2708 2714 2716 2718 2720 2722 2709 2650 2651 2652 2653 2654 2655 2656 2657 2658 2659 2660 2661 2662 2649 2648 2663 2664 2647 2665 2646 2645 2644 2643 2642 2641 2640 2638 2637 2639 2677 2678 2679 2680 2689 2690 2703 2702 2701 2688 2687 2700 2699 2686 2676 2675 2636 2674 2673 2635 2672 2671 2681 2682 2683 2684 2685 2698 2697 2696 2695 2694 2693 2692 2691 2515 2494 2474 2667 2668 2669 2670 2634 2633 2627 2628 2632 2629 2630 2631 2169 2168 2167 2166 2165 2164 2149 2125 2150 2151 2152 2153 2154 2155 2156 2157 2170 2171 2172 2158 2159 2160 2173 2174 2175 2161 2162 2163 2176 2177 2201 2191 2192 2202 2203 2204 2205 2206 2207 2208 2209 2210 2212 2200 2199 2190 2198 2197 2196 2187 2195 2194 2193 2188 2189 2178 2179 2136 2180 2181 2182 2186 2183 2184 2185 2138 2139 2079 2080 2090 2091 2092 2093 2094 2140 2141 2095 2096 2142 2220 2219 2218 2217 2216 2215 2214 2211 2231 2232 2233 2234 2235 2253 2254 2236 2237 2238 2239 2240 2221 2241 2256 2743 2742 2741 2255 2740 2739 2738 2737 2736 2252 2735 2734 2213 2666 2780 2745 2746 2747 2748 2749 2744 2750 2751 2752 2753 2754 2769 2770 2771 2772 2773 2774 2775 2776 2790 2789 2788 2787 2806 2817 2807 2808 2809 2810 2811 2812 2813 2791 2792 2779 2778 2777 2766 2767 2768 2258 2764 2763 2762 2761 2765 2760 2759 2758 2757 2756 2755 2257 2242 2243 2222 2244 2245 2246 2247 2248 2249 2250 2251 2230 2229 2228 2227 2226 2148 2225 2224 2223 2146 2147 2145 2143 2144 2114 2115 2116 2117 2118 2119 2120 2123 2124 2122 2121 2112 2113 2108 2107 2106 2111 2105 2110 2104 2109 2103 2102 2101 2100 2099 2098 2097 2031 2030 2089 2088 2087 2086 2085 2084 2083 2082 2081 2029 2027 2028 1981 1982 1983 1984 1980 1985 1986 1987 1988 1977 1976 1975 1974 1973 1972 1885 1971 1970 1979 1978 1969 1863 1860 1861 1852 1853 1854 1855 1856 1857 1858 1859 1841 1840 1835 1839 1837 1836 1838 1842 1843 1844 1845 1846 1847 1848 1849 1850 1851 1862 1309 1308 1311 1310 1312 1313 1314 1315 1316 1317 1318 1872 1871 1870 1869 1868 1867 1866 1865 1864 1883 1882 1881 1884 1880 1886 1887 1879 1877 1878 1876 1875 1874 1873 1906 1907 1905 1908 1989 1996 1995 1994 1993 2003 2006 2007 2008 2009 2010 2011 2012 2013 2014 2015 2005 2002 2001 2000 2004 1999 1992 1991 1998 1997 1990 1909 1910 1911 1912 1913 1914 1915 1903 1902 1892 1891 1901 1900 1904 1899 1890 1898 1897 1896 1895 1894 1893 1888 1889 1335 1336 1337 1338 1339 1340 1341 1342 1343 1344 1345 1356 1358 1359 1357 1355 1354 1353 1347 1346 1352 1351 1350 1360 1361 1349 1348 1362 1170 1171 1172 1173 1174 1175 1176 1177 1178 1179 1169 1168 1167 1166 1165 1164 1163 1162 1161 938 939 940 934 935 941 942 943 944 949 945 948 946 947 937 930 933 932 929 936 928 931 927 926 925 924 923 747 748 749 750 751 752 753 754 755 756 757 514 512 513 159 158 157 156 131 132 155 130 129 128 127 154 153 126 125 124 152 151 150 123 122 121 120 146 147 148 149 145 144 118 119 117 116 115 114 300 302 303 305 304 312 313 314 306 307 315 316 317 318 319 308 309 310 320 321 311 322 323 511 746 744 743 742 741 740 735 739 738 737 736 489 490 491 492 493 494 745 495 496 497 498 499 500 501 502 503 504 505 506 507 508 509 510 478 477 479 480 481 482 483 486 487 484 475 476 485 488 460 298 297 296 295 294 293 292 467 466 465 464 458 463 462 461 459 456 713 711 710 712 468 469 470 471 472 473 474 702 703 704 705 706 707 708 709 701 700 699 698 697 696 695 694 693 692 691 690 689 733 732 731 730 734 729 728 727 726 724 725 911 909 912 913 914 915 916 917 918 919 920 900 921 901 902 903 904 905 906 907 908 910 723 722 721 720 719 718 716 717 899 922 688 687 686 685 684 683 682 681 680 678 677 679 675 676 654 715 714 455 454 453 452 451 457 450 449 674 673 672 671 670 669 668 667 666 665 664 663 662 661 660 432 433 434 435 436 437 438 441 442 443 444 445 446 447 439 448 440 282 281 280 279 278 277 276 275 283 285 286 287 288 289 290 291 301 299 112 113 110 109 108 97 107 96 95 94 93 92 91 111 90 89 88 98 99 100 101 102 103 104 105 106 143 142 141 284 274 273 140 272 271 270 269 268 267 266 250 249 248 247 246 254 261 262 263 265 264 421 422 423 424 425 426 427 428 429 430 255 256 257 258 259 260 253 245 139 244 243 138 242 241 252 251 240 239 137 65 66 78 79 80 81 82 83 84 85 86 87 77 76 75 74 73 72 71 70 69 68 56 55 54 64 63 53 52 62 61 51 50 49 60 59 48 47 46 58 57 45 41 40 42 44 43 214 215 216 222 217 223 218 219 220 221 224 225 234 233 232 226 231 230 229 228 227 212 213 368 371 372 390 389 382 388 387 386 385 384 383 399 431 235 236 237 238 398 394 420 419 418 417 416 415 414 413 412 411 409 408 410 407 406 405 404 403 402 401 400 393 392 395 396 397 391 380 379 378 381 377 376 375 374 373 369 370 572 571 570 552 553 569 786 785 784 783 782 781 780 779 778 777 539 540 546 547 548 554 555 549 550 551 558 561 560 559 562 563 565 566 567 568 557 556 542 541 545 543 544 345 349 350 351 564 352 353 354 355 364 365 366 367 356 357 358 359 360 361 362 347 199 197 200 348 363 201 202 203 204 205 198 206 207 208 209 211 210 195 194 193 192 191 190 189 188 136 32 33 34 67 35 36 37 38 39 29 28 27 26 25 24 23 22 21 31 30 20 19 9 8 18 17 7 6 16 15 
0 14 
0 12 
0 4 
0 135 
0 2 
0 5 
0 3 
0 13 

the using frequency of each operators in EAX is following
the percentage of or-insert is -nan
the percentage of or-swap is -nan
all percentage of each operator is following 
-nan  -nan  -nan  -nan  
-nan  -nan  -nan  -nan  
-nan  -nan  -nan  -nan  
-nan  -nan  -nan  -nan  


