the best solution's fitness is 
10172.1
the time when getting the optimal solution is 
1
the sequence of best solution is following
0 87 
0 96 109 122 116 124 145 138 146 154 159 174 194 195 183 186 203 201 207 223 242 255 266 267 257 258 239 231 216 205 189 199 197 178 175 162 168 156 163 164 172 181 208 210 211 218 224 232 249 268 280 289 299 306 315 292 305 290 298 285 273 277 272 247 248 221 226 230 229 204 185 179 171 184 214 215 234 241 235 238 245 254 275 276 269 265 288 304 312 301 293 316 334 326 318 322 324 338 352 345 331 349 346 344 332 320 321 302 291 294 310 329 335 325 317 311 300 309 307 287 282 281 286 274 256 261 252 250 236 225 220 212 209 200 182 187 196 190 188 202 219 227 228 243 259 262 270 271 251 240 244 260 278 283 295 296 303 308 297 319 323 333 330 341 361 360 348 336 337 339 347 350 353 359 374 379 385 380 363 382 372 367 384 387 402 414 413 399 401 415 431 445 458 436 433 447 440 434 430 438 456 455 448 459 472 494 517 518 512 514 528 551 556 546 539 530 538 560 568 578 561 553 550 533 529 505 516 511 507 491 485 462 454 437 442 424 406 400 389 386 381 396 388 391 404 421 432 425 429 423 419 407 408 409 418 416 417 410 390 371 369 376 392 375 364 370 365 357 343 327 342 355 358 351 362 383 394 422 428 435 444 451 452 457 465 484 483 481 471 498 510 525 532 547 559 575 567 579 595 623 639 637 625 610 593 585 596 597 589 598 587 577 565 562 563 555 534 535 540 541 520 504 506 500 499 490 482 476 466 468 469 463 475 493 495 496 486 473 479 488 492 487 474 464 449 439 446 450 453 467 477 497 501 508 524 527 543 536 519 513 523 521 526 542 552 558 572 571 570 574 557 564 569 576 583 590 599 600 613 604 588 609 617 638 630 632 629 635 621 608 602 586 606 620 627 616 618 612 611 626 633 640 643 656 648 660 683 668 665 650 645 652 653 661 649 641 631 628 614 603 580 592 605 615 636 646 669 675 673 667 666 663 672 692 688 700 699 709 685 694 698 719 720 725 739 747 754 753 736 732 718 706 712 697 691 690 680 674 659 654 644 647 651 658 664 671 682 696 703 724 737 733 746 768 777 760 771 764 759 744 735 734 717 704 708 687 677 670 678 684 679 689 705 721 731 738 742 757 775 758 756 767 778 776 772 773 765 761 748 749 726 730 729 722 740 745 762 769 779 780 781 782 774 770 766 752 743 728 711 710 713 716 714 727 750 763 755 751 741 723 715 707 701 693 702 695 686 681 676 657 655 662 642 634 624 622 619 601 584 582 607 594 591 581 566 573 554 549 537 545 548 544 531 509 502 522 515 503 489 478 480 470 460 461 443 441 427 420 426 411 397 377 378 368 373 395 398 412 405 403 393 366 356 354 340 328 313 314 284 279 264 263 246 237 253 233 217 213 222 206 191 177 157 165 173 167 169 176 180 193 198 192 170 134 133 148 141 147 144 130 131 140 129 128 153 166 158 149 143 123 120 125 117 137 127 139 115 111 107 104 101 98 84 70 58 60 67 85 81 61 49 53 41 50 71 91 102 92 89 77 68 43 54 59 72 95 90 103 112 118 121 113 108 105 100 78 83 86 74 65 42 37 39 5 12 10 3 33 27 23 26 25 20 15 31 13 21 34 30 35 19 7 29 18 4 2 9 8 11 32 28 38 47 63 76 73 88 94 97 75 62 57 52 46 64 82 93 106 110 119 132 136 142 151 160 161 155 150 135 152 126 114 99 80 
0 66 
0 51 
0 16 
0 79 
0 44 
0 6 
0 24 
0 69 
0 14 
0 45 
0 55 
0 56 
0 48 
0 1 
0 22 
0 40 
0 17 
0 36 

the using frequency of each operators in EAX is following
the percentage of or-insert is -nan
the percentage of or-swap is -nan
all percentage of each operator is following 
-nan  -nan  -nan  -nan  
-nan  -nan  -nan  -nan  
-nan  -nan  -nan  -nan  
-nan  -nan  -nan  -nan  


