the best solution's fitness is 
36305
the time when getting the optimal solution is 
1281
the sequence of best solution is following
0 18 20 26 39 57 69 79 83 110 104 106 88 101 109 117 128 140 139 149 150 160 167 192 159 168 205 213 214 240 260 264 295 285 314 321 308 282 274 232 246 252 266 288 297 286 296 303 306 324 345 350 332 322 337 356 365 361 367 372 380 390 387 381 375 391 378 366 358 363 351 347 327 338 318 311 299 293 276 253 245 256 225 200 211 233 249 272 257 291 281 302 304 320 333 343 339 323 307 298 312 315 317 344 331 325 294 283 278 280 269 244 247 248 227 226 231 222 212 194 207 186 181 158 145 130 135 169 174 182 187 193 203 180 173 153 146 161 176 199 189 206 204 223 208 197 175 166 178 165 155 134 133 118 77 85 74 72 66 90 108 119 122 102 55 49 40 75 91 100 115 121 126 127 136 170 171 164 151 201 234 267 300 319 326 292 265 228 183 141 120 61 60 87 94 68 97 172 138 116 156 273 329 335 349 355 368 376 388 397 470 431 400 389 382 360 346 353 336 250 198 237 238 216 219 289 310 301 284 277 242 243 221 191 239 255 313 316 330 340 352 362 377 385 405 420 421 465 456 445 451 464 463 471 472 474 475 488 484 479 487 502 505 506 510 516 514 519 517 520 523 524 522 512 507 511 515 526 529 528 527 513 496 478 442 486 498 509 525 521 508 503 490 482 499 501 491 481 485 477 440 410 384 371 374 359 354 348 328 334 342 370 369 364 383 395 393 392 411 448 453 439 454 457 458 461 483 492 495 504 518 531 530 493 494 500 497 489 473 449 441 427 394 373 379 399 417 430 455 466 480 476 460 469 468 467 462 446 444 432 406 409 418 434 436 429 426 423 416 401 419 422 425 404 403 396 402 407 413 414 412 415 424 428 435 437 438 443 452 459 450 447 433 408 398 386 357 341 309 305 287 275 271 263 290 279 254 230 236 220 217 209 190 179 177 152 148 157 137 124 147 188 202 215 235 241 262 258 268 270 259 261 251 224 229 218 210 196 185 195 184 154 162 163 143 144 131 142 123 98 76 67 63 71 78 96 105 84 73 82 86 95 111 129 132 125 114 113 112 107 103 99 93 92 81 80 89 54 56 58 52 51 50 46 44 41 45 43 42 47 53 64 70 65 62 59 48 38 30 37 35 36 34 33 32 31 24 28 23 29 25 27 21 
0 4 
0 22 
0 8 
0 1 
0 14 
0 10 
0 9 
0 13 
0 5 
0 7 
0 11 
0 12 
0 19 
0 3 
0 2 
0 15 
0 17 
0 6 
0 16 




