the best solution's fitness is 
12966.5
the time when getting the optimal solution is 
50
the sequence of best solution is following
0 61 148 124 21 103 3 114 149 20 77 14 132 76 121 13 79 71 48 146 143 144 135 111 63 43 70 44 127 67 118 90 105 12 73 122 30 26 128 116 139 59 65 16 129 147 10 60 35 68 126 38 56 40 100 115 11 23 117 52 39 138 46 119 41 8 27 5 36 1 18 98 113 101 107 69 134 85 28 80 109 24 19 50 108 42 66 37 22 31 130 133 137 53 91 45 89 55 82 140 57 54 49 136 131 64 84 141 17 74 25 145 
0 47 
0 123 
0 96 
0 99 
0 34 
0 95 
0 86 
0 142 
0 62 
0 112 
0 9 
0 106 
0 75 
0 102 
0 33 
0 6 
0 4 
0 97 
0 7 
0 88 
0 83 
0 51 
0 29 
0 93 87 120 78 58 15 110 104 32 125 
0 94 
0 81 
0 72 
0 92 
0 2 




