the best solution's fitness is 
41439.2
the time when getting the optimal solution is 
102
the sequence of best solution is following
0 23 31 135 60 25 198 6 81 77 8 137 123 117 15 50 193 62 43 187 115 121 169 47 83 10 51 86 125 95 165 164 103 96 80 196 44 32 155 99 73 56 35 13 191 107 68 141 179 130 188 72 2 58 40 88 153 20 139 163 101 75 69 143 22 172 149 90 94 93 181 194 112 175 132 136 42 104 4 177 151 55 195 85 138 49 167 184 61 82 71 129 70 37 38 27 147 87 199 170 140 57 97 113 128 145 102 33 89 142 24 16 7 21 133 74 182 154 111 126 185 134 41 54 19 63 161 159 78 12 176 64 66 30 46 119 156 106 108 5 53 186 150 79 160 124 180 1 34 168 67 29 76 157 166 127 192 59 100 3 162 92 105 148 189 18 98 174 9 91 118 65 152 178 36 183 28 109 17 48 
0 26 
0 116 
0 173 
0 11 
0 14 
0 52 
0 110 
0 190 
0 114 
0 84 
0 158 
0 120 
0 197 
0 144 
0 39 
0 131 
0 122 
0 146 
0 45 171 

 


