the best solution's fitness is 
68455.9
the time when getting the optimal solution is 
186
the sequence of best solution is following
0 39 53 63 143 1 43 115 81 125 12 94 146 36 95 29 47 56 86 120 77 80 4 102 32 75 64 55 100 66 21 105 124 28 104 135 61 26 51 16 70 145 42 127 82 40 99 13 45 122 114 11 119 8 6 59 85 90 108 113 14 62 10 73 83 87 25 101 98 110 37 35 103 58 140 126 20 71 9 23 89 5 48 74 18 133 136 17 15 93 69 123 52 3 65 128 117 118 142 96 138 91 7 41 121 30 88 132 137 147 
0 68 
0 141 
0 116 
0 60 
0 139 
0 130 
0 107 
0 57 
0 79 
0 2 
0 54 111 106 38 49 84 
0 19 
0 27 
0 97 44 
0 76 
0 129 78 131 112 31 46 
0 50 
0 24 
0 149 
0 144 
0 22 
0 148 
0 134 
0 33 
0 92 
0 109 
0 34 
0 67 
0 72 



