the best solution's fitness is 
53351.3
the time when getting the optimal solution is 
360
the sequence of best solution is following
0 67 84 54 111 106 38 49 115 81 125 12 94 146 36 95 29 47 13 99 56 86 120 77 80 4 102 32 75 64 55 100 66 21 105 124 28 104 135 61 51 26 40 82 70 16 145 42 127 122 45 33 148 114 11 119 8 34 6 59 85 44 97 90 108 113 10 62 73 83 58 103 87 25 101 98 110 35 37 15 17 136 133 93 69 123 52 3 65 128 117 118 142 138 96 18 74 48 5 89 23 9 112 71 20 126 140 14 31 46 131 78 129 79 91 7 41 121 30 88 132 137 147 
0 22 149 
0 57 
0 50 
0 60 
0 107 
0 27 
0 144 
0 134 
0 19 
0 130 
0 116 
0 24 
0 109 
0 141 
0 2 
0 68 
0 76 
0 72 43 1 143 63 53 39 92 
0 139 




