the best solution's fitness is 
7067
the time when getting the optimal solution is 
1276
the sequence of best solution is following
0 40 60 61 87 94 97 68 138 156 116 250 198 237 238 216 219 289 310 301 284 277 242 243 221 191 239 255 313 316 330 340 352 362 377 385 405 420 451 445 421 346 360 353 336 329 273 172 141 120 127 121 115 49 
0 7 10 13 19 44 54 56 89 124 147 137 157 148 152 177 190 179 188 217 209 220 236 230 254 279 290 263 271 262 275 287 296 303 306 324 305 309 341 357 386 398 408 433 447 450 459 452 443 438 437 435 428 424 415 412 414 413 407 402 396 390 387 380 372 367 361 350 345 332 322 321 314 327 347 351 363 379 399 373 394 395 383 393 392 370 369 364 344 331 317 315 312 307 323 339 343 333 320 304 302 281 291 272 233 211 200 225 199 176 161 133 134 140 139 128 106 104 110 79 83 67 76 98 96 78 71 63 48 38 30 15 
0 2 55 75 91 100 151 335 355 400 382 389 442 478 496 507 502 487 479 465 456 463 464 471 472 474 475 484 488 505 506 510 516 514 519 517 520 523 524 522 512 511 515 526 529 528 527 513 525 509 498 486 431 397 388 376 368 349 326 300 267 194 145 158 130 135 102 66 3 
0 4 18 20 26 39 57 69 88 101 117 109 118 77 85 74 72 90 108 119 122 146 153 173 180 174 169 182 181 186 187 193 203 269 280 298 278 283 294 325 342 334 328 348 354 359 384 410 440 470 508 521 503 490 477 482 499 501 485 481 491 495 504 518 531 530 500 497 489 480 476 460 469 468 467 462 446 444 436 429 416 426 423 419 422 425 403 404 401 381 375 365 356 337 308 282 274 288 297 286 270 268 258 235 241 215 202 184 154 129 111 95 82 86 70 64 53 47 43 42 35 36 29 23 22 16 11 1 
0 6 8 9 12 17 24 28 31 33 32 34 41 45 46 50 51 52 58 80 81 92 93 99 103 107 112 113 114 125 132 143 144 163 162 185 195 196 210 218 229 224 251 261 259 266 252 246 232 205 213 214 240 260 264 285 295 299 293 311 318 338 358 366 378 391 409 418 434 432 406 417 430 455 466 441 427 449 473 494 493 492 483 461 458 457 454 439 453 448 411 374 371 319 292 265 228 183 170 171 126 136 164 201 234 212 222 231 227 226 207 248 247 244 249 257 256 245 253 276 223 208 197 204 206 189 178 165 155 166 175 149 150 160 167 192 168 159 123 142 131 105 84 73 65 62 59 37 27 25 21 14 5 

the actuall costs is 7067



