the best solution's fitness is 
5580
the time when getting the optimal solution is 
1276
the sequence of best solution is following
0 388 397 431 486 498 513 527 528 529 526 515 511 507 496 400 368 355 
0 138 352 340 330 316 313 255 243 239 221 191 116 
0 451 
0 21 35 37 30 38 59 95 96 78 71 63 67 98 110 139 150 160 167 149 117 118 134 166 175 189 204 208 223 245 257 272 244 269 280 298 283 325 331 344 317 315 312 307 291 281 302 320 343 365 375 381 391 416 426 401 387 390 380 372 367 361 350 345 332 322 303 297 288 266 246 232 252 259 268 258 262 271 263 220 209 152 157 137 124 107 81 80 54 56 50 51 47 42 43 45 41 32 33 31 16 13 12 
0 2 15 18 20 39 57 83 79 104 88 109 77 85 74 72 90 108 119 122 102 49 61 60 87 94 141 120 127 126 121 151 194 222 227 226 207 186 169 174 173 153 146 200 199 176 161 133 155 165 140 128 123 105 111 144 143 163 162 154 202 224 251 261 270 286 306 324 357 341 305 309 290 217 177 179 125 114 113 103 92 93 86 82 73 62 48 29 24 7 6 
0 53 434 444 446 462 467 468 469 460 476 480 530 531 521 508 490 499 501 491 504 493 494 455 432 378 106 26 
0 471 464 463 
0 488 
0 215 235 241 275 296 282 293 318 338 503 525 509 470 410 384 328 294 278 233 211 225 256 253 206 197 178 101 69 
0 349 484 479 442 
0 465 456 472 474 475 
0 3 66 55 40 75 91 100 115 136 164 171 170 183 97 68 172 228 265 234 201 212 145 158 130 135 187 203 249 399 430 406 409 404 403 402 
0 487 505 506 502 376 
0 512 522 524 523 520 517 519 514 516 510 478 
0 4 5 58 99 112 274 321 351 327 358 417 441 454 457 458 461 483 495 492 466 418 436 429 423 419 422 425 396 407 413 414 412 415 424 428 435 437 438 443 452 459 450 447 433 408 398 386 287 190 148 89 1 
0 19 22 23 34 36 70 65 76 142 159 168 192 213 285 364 369 383 395 393 411 439 453 448 440 477 482 485 481 518 500 497 489 473 449 373 279 254 230 236 188 147 46 44 28 17 9 
0 27 84 131 205 214 240 260 264 295 299 311 276 304 333 339 323 247 193 180 182 181 248 231 267 300 292 326 319 334 342 348 354 359 371 374 370 392 427 394 379 366 347 363 356 337 314 308 229 218 210 196 185 195 184 132 129 64 52 25 14 11 10 8 
0 156 237 238 216 219 242 277 284 301 310 346 360 336 353 382 389 329 273 
0 250 377 385 362 289 198 
0 335 421 445 420 405 

the actuall costs is 5580
the using frequency of each operators in EAX is following
the percentage of or-insert is 0.208616
the percentage of or-swap is 0.791384
all percentage of each operator is following 
0.173582  0.0262489  0.00560965  0.00179932  0.00084674  0.000105843  0.00042337  
0.181308  0.0829805  0.0252964  0.010055  0.00338696  0.00169348  0.00179932  
0.0462532  0.0729255  0.0272015  0.013442  0.00635055  0.00486876  0.00264606  
0.0187341  0.0474174  0.0210627  0.0142887  0.00857324  0.00476291  0.00455123  
0.00550381  0.0259314  0.0150296  0.0109018  0.0102667  0.00730313  0.00518628  
0.0014818  0.0186283  0.0099492  0.00814987  0.00762066  0.00687976  0.00412786  
0.00084674  0.0105843  0.0111135  0.0084674  0.00814987  0.00762066  0.00804403  


