the best solution's fitness is 
5709
the time when getting the optimal solution is 
1277
the sequence of best solution is following
0 6 10 11 19 22 23 31 44 54 56 89 124 137 157 148 152 177 179 190 209 217 220 236 230 254 279 290 263 271 262 258 268 275 287 305 309 341 357 386 398 408 433 447 450 459 452 443 438 437 435 428 424 415 412 414 413 407 402 396 403 404 425 422 419 423 426 429 381 378 379 399 394 373 343 339 323 333 320 302 304 293 276 264 260 240 223 208 204 197 175 192 214 213 205 168 159 142 131 96 71 38 30 
0 1 25 36 46 58 81 125 154 185 196 232 246 266 288 297 296 306 324 345 332 350 361 367 372 380 390 387 401 416 418 436 434 444 446 462 467 468 469 460 476 480 489 497 500 530 531 518 504 492 483 461 458 457 454 439 453 448 411 374 371 359 354 348 342 334 328 267 212 222 231 226 227 248 207 203 182 169 174 180 173 153 146 176 161 133 118 109 117 101 88 79 83 67 63 48 37 15 4 
0 201 400 478 496 507 512 522 524 523 520 517 519 514 516 510 506 505 502 442 349 292 
0 55 228 389 465 456 471 472 474 475 488 484 479 487 
0 18 20 57 69 77 74 85 108 119 122 193 187 186 181 194 234 265 335 355 368 376 388 470 508 521 503 490 477 482 499 501 485 481 491 495 493 494 473 466 455 432 409 391 375 365 356 337 322 303 286 270 259 261 251 235 241 215 202 188 147 112 107 80 52 51 50 45 41 34 32 29 28 16 
0 75 91 100 136 329 336 346 377 385 362 352 340 330 316 313 289 156 138 97 61 60 40 
0 49 141 273 353 360 405 420 451 464 463 445 421 382 164 
0 2 66 115 121 126 127 120 87 94 68 116 198 216 219 242 191 221 239 255 243 277 284 301 310 238 237 250 172 183 170 171 151 145 158 130 135 102 90 72 26 3 
0 5 14 21 27 35 42 47 62 59 65 73 82 95 111 105 84 78 76 98 123 110 104 106 128 139 150 160 167 149 140 134 155 165 166 178 189 206 199 200 211 225 245 253 256 281 291 257 233 249 272 269 280 278 283 298 307 312 315 317 294 325 331 344 364 369 370 392 393 383 395 427 449 441 430 417 406 366 358 363 351 347 327 338 318 311 299 295 285 314 321 308 282 274 252 229 224 218 210 195 184 162 163 143 144 129 132 114 113 103 99 92 93 86 70 64 53 43 33 24 17 13 12 9 7 8 
0 39 300 319 326 397 431 486 498 513 511 515 526 529 528 527 509 525 440 410 384 247 244 

the actuall costs is 5709



