the best solution's fitness is 
10231
the time when getting the optimal solution is 
1276
the sequence of best solution is following
0 3 2 55 49 40 60 61 87 94 97 68 138 156 116 250 198 237 238 216 219 289 310 301 284 277 242 243 221 191 239 255 313 316 330 340 352 362 377 385 405 420 451 464 463 471 472 474 475 484 488 505 506 510 516 514 519 517 520 523 524 522 512 511 515 526 529 528 527 513 525 509 498 486 442 478 496 507 502 487 479 465 456 445 421 346 360 336 353 382 389 400 376 368 355 349 335 329 273 172 141 120 127 126 121 115 100 91 75 102 66 72 74 77 69 57 39 26 20 18 4 
0 15 30 38 48 71 63 67 76 83 79 88 101 117 109 118 85 108 90 119 122 146 153 173 180 174 169 182 135 130 186 187 193 203 211 200 176 161 133 134 155 165 178 166 175 197 208 223 204 206 189 199 225 256 281 291 302 304 320 333 343 339 323 307 312 315 317 298 280 278 283 294 325 331 344 364 369 370 383 395 393 392 411 448 439 453 461 483 492 495 504 518 531 530 493 494 500 497 489 473 449 441 430 455 466 480 476 460 469 468 467 462 446 444 432 417 406 409 418 434 436 429 426 423 416 401 419 422 425 404 403 396 402 407 413 414 412 415 424 428 435 437 438 443 452 459 450 447 433 408 398 386 390 372 367 361 365 356 363 351 347 314 321 308 322 337 332 350 345 324 306 303 297 296 286 270 259 261 251 268 258 235 241 217 215 202 188 147 125 132 129 111 95 82 86 70 64 58 52 51 50 46 45 43 36 32 29 23 22 19 16 11 10 6 1 
0 8 7 9 12 13 17 24 28 31 33 34 41 44 54 56 89 80 81 92 93 99 103 114 113 107 112 124 137 157 148 152 177 179 190 209 220 236 230 254 279 290 263 271 262 275 287 305 309 341 357 380 387 381 375 391 378 358 366 379 399 373 394 427 454 457 458 491 481 485 501 499 482 477 440 490 503 521 508 470 431 388 397 410 384 371 374 359 354 348 342 334 328 300 319 326 292 265 228 183 170 171 136 164 151 201 234 267 212 222 231 194 145 158 181 207 226 227 248 247 244 269 272 249 233 257 245 253 276 293 299 311 318 338 327 295 285 264 260 240 214 213 205 232 246 274 282 288 266 252 229 224 218 210 196 185 195 184 154 162 163 143 144 131 142 159 168 192 167 160 150 149 139 140 128 106 104 110 123 98 78 96 105 84 73 65 59 62 53 47 42 37 35 27 25 21 14 5 

the actuall costs is 10231



