the best solution's fitness is 
9598.94
the time when getting the optimal solution is 
3972
the sequence of best solution is following
0 9 15 25 32 38 44 50 618 617 616 615 600 593 580 569 570 571 572 573 563 555 547 546 543 1290 1289 1288 1287 1286 1260 757 758 797 796 795 794 793 822 824 825 826 844 894 902 893 892 913 917 918 919 880 881 882 883 862 863 864 846 847 865 866 867 849 834 813 810 804 809 805 780 781 782 783 784 742 469 470 471 472 492 499 495 502 512 520 527 551 557 62 49 39 33 27 16 10 11 
0 1514 1515 1516 1518 1519 1520 1521 1541 1542 1540 1539 1538 1537 1536 1543 1535 1534 1533 1532 1544 1545 1546 1547 1552 1553 1558 1559 1564 1565 1566 1563 1560 1557 1554 1551 1548 1549 1550 1555 1556 1561 1562 1567 1568 1573 1574 1579 1580 1585 1590 1591 1596 1597 1604 1605 1610 1611 1616 1617 1618 1615 1612 1609 1606 1603 1598 1595 1594 1593 1592 1589 1588 1583 1584 1581 1582 1577 1578 1575 1576 1571 1572 1569 1570 1458 1457 1468 1477 1476 1467 1456 1455 1466 1475 1486 1485 1494 1493 1492 1483 1482 1490 1489 1500 1501 1502 1503 1506 740 739 738 737 736 735 
0 7 689 678 667 665 657 649 639 636 628 606 621 622 623 603 604 605 625 1378 1377 1376 1375 1374 1373 1372 1361 1355 1351 1345 1343 1334 1329 1323 1315 1305 1326 1335 1336 1337 1327 1311 1317 1318 1340 1348 1366 1367 1368 1365 1364 1369 1370 1380 1386 1391 1395 1410 1411 1412 1425 1433 1432 1424 1423 1431 1426 1419 1413 1427 1437 1444 1445 1446 1438 1447 1448 1449 1459 1460 1461 1484 1491 1498 1508 1513 1517 1512 1507 1499 1481 1472 1462 1452 1443 1439 1434 1430 1422 1418 1414 1417 1429 1435 1440 1441 1442 1451 1463 1471 1480 1488 1504 1505 1487 1479 1470 1450 681 682 693 701 711 712 700 710 713 714 708 707 699 706 717 727 732 726 731 730 729 
0 648 1296 936 952 970 1020 1031 1042 1069 1056 1043 1032 1022 1008 988 976 965 957 935 931 916 901 896 877 872 856 842 829 771 770 769 1272 1271 1273 1274 1275 1299 1309 1319 1352 1415 734 
0 19 588 566 558 509 498 491 484 485 467 468 823 852 870 932 947 961 969 1002 1003 1004 1005 1025 1024 1023 1051 1077 1076 1075 1114 1113 1133 1171 1172 1173 1197 1185 1175 1176 1186 1187 1177 1182 1212 1235 1234 1233 1232 1231 1230 1229 1228 1227 1226 1225 1224 1223 1222 1221 1205 1180 1190 1195 1189 1179 1162 1153 1126 1104 364 400 403 412 420 434 435 462 480 481 482 483 91 87 58 
0 46 52 69 76 79 86 97 100 112 115 116 119 120 123 124 458 451 459 452 453 446 438 425 417 418 426 419 406 405 404 395 383 376 394 393 392 391 390 389 380 366 351 323 322 315 316 309 299 290 291 298 297 292 257 256 255 244 254 253 252 243 229 213 219 228 233 223 224 234 235 225 212 211 210 209 208 207 206 205 204 203 202 214 218 217 222 232 240 247 249 260 272 277 285 308 314 321 352 367 357 353 358 368 378 385 379 397 386 387 398 408 410 415 423 444 450 457 127 104 95 96 90 83 82 73 72 66 60 54 
0 165 166 167 170 186 185 194 191 190 187 184 182 179 178 175 174 171 168 164 162 161 160 163 169 172 173 176 177 180 181 183 188 189 192 193 242 230 220 215 195 196 197 198 199 200 201 216 221 231 241 248 250 261 271 273 278 286 279 274 270 262 251 289 300 310 317 324 325 326 345 346 347 362 361 360 355 354 359 369 377 384 388 399 407 411 416 424 439 440 441 442 443 414 409 422 445 126 125 122 121 118 117 114 113 110 107 101 103 93 88 85 80 75 70 64 48 
0 619 515 506 920 938 937 1018 1019 1033 1055 1068 1090 1091 1099 1108 1123 1128 1151 1158 1127 1122 1107 1098 1089 1034 1041 1017 1009 939 921 779 514 26 
0 106 131 132 135 136 139 140 143 144 147 148 151 152 155 156 320 313 307 306 305 304 303 302 287 301 288 280 281 282 269 268 267 1154 1145 1144 1125 1121 1103 1096 1084 1060 1061 1062 1059 1058 1057 1083 1095 1102 1120 1124 1143 1155 1142 1141 1140 1156 1139 1138 1137 1136 1116 1117 1118 1079 1078 1067 1066 1065 1080 1081 1064 1052 1035 1026 1006 977 966 950 925 910 897 889 873 868 850 835 836 837 838 806 785 786 741 487 490 496 505 513 524 534 533 532 550 554 559 567 583 584 585 586 587 591 598 620 20 
0 522 1115 1135 1134 1170 1203 1204 1206 1207 1217 1246 1247 1248 1216 1209 1160 1147 1109 1110 1111 1073 1015 
0 30 36 35 42 47 53 59 65 71 74 81 84 89 94 105 109 129 128 130 133 134 137 138 141 142 145 146 149 150 153 154 157 158 159 344 343 342 341 340 339 338 337 336 335 334 333 332 331 330 350 356 365 381 370 371 372 373 363 348 349 328 327 318 311 296 293 283 275 266 263 258 246 239 236 226 227 237 238 245 259 264 265 276 284 294 295 312 319 329 992 993 1030 1039 1038 1029 995 994 972 374 375 382 396 401 402 421 431 432 449 456 466 465 464 463 473 474 475 476 477 494 501 511 521 528 530 541 529 540 552 68 55 45 22 17 12 
0 1 4 5 8 13 14 677 666 659 658 632 629 611 610 609 608 607 602 595 590 579 578 577 576 574 564 556 545 544 539 525 518 517 507 497 489 488 787 807 812 840 839 851 869 874 890 898 911 926 933 948 962 968 996 997 998 999 1000 1028 1037 1053 1036 1027 1001 978 967 928 909 908 907 929 946 959 945 944 943 924 904 905 906 888 887 886 845 830 831 832 848 833 814 811 803 774 773 756 755 754 1280 1295 1302 1298 1314 1324 1328 1333 1342 1344 1350 1354 1360 1383 1388 1382 1387 1406 1407 1408 1409 644 654 653 656 663 675 674 673 672 671 696 728 733 
0 716 715 709 692 683 655 1401 1400 1399 1398 1397 1396 1392 1393 1394 1381 1330 1322 1331 1321 1320 1310 1300 1650 1651 1654 1653 1652 1649 1648 1647 1646 1643 1642 1637 1636 1629 1628 1623 1622 1621 1624 1627 1630 1635 1638 1641 1644 1645 1640 1639 1634 1633 1632 1631 1626 1625 1620 1619 1614 1613 1608 1607 1602 1599 1600 1601 1586 1587 1469 1478 1531 1530 1529 1528 1527 1526 1525 1524 1523 1522 1474 1465 1454 1453 1464 1473 1495 1496 1497 1511 1510 1509 
0 923 941 1045 1106 1159 1210 1214 1215 1191 1101 1087 1010 922 
0 885 940 1011 1044 1149 1165 1183 1211 1192 1184 1166 1157 1150 1100 1088 1040 884 
0 2 638 631 613 612 601 594 589 581 561 562 549 548 536 537 538 526 519 516 743 744 745 746 747 748 749 750 751 752 753 772 799 798 817 818 819 820 821 857 853 854 903 954 953 974 973 986 985 984 983 1013 1014 981 980 979 989 990 991 960 951 912 927 899 875 413 430 429 428 427 436 437 447 454 461 460 111 108 102 99 98 77 67 57 34 29 24 
0 725 724 723 722 721 720 719 704 718 705 697 698 686 685 684 680 676 662 1436 1428 1420 1421 1416 1405 1404 1403 1402 1389 1384 1390 1385 1379 1371 1362 1356 1357 1363 1358 1346 1347 1339 1338 1316 1306 1307 1308 1293 1262 1258 1257 1256 1255 1254 1253 1252 1251 766 767 788 790 791 792 765 764 763 762 761 760 759 1259 1261 1276 1277 1278 1279 1281 1282 1283 1284 1285 1297 1304 1303 1313 1325 1332 1341 1349 575 597 596 624 627 633 642 641 651 650 640 645 635 646 660 664 668 679 687 688 690 695 694 702 6 3 
0 647 637 614 942 982 1012 1047 1046 1072 1071 1070 1086 1105 1148 1164 1208 1237 1236 1238 1239 1240 1201 1200 1199 1198 1174 1119 1092 1093 1094 1082 1063 963 949 478 479 493 92 78 63 40 41 
0 630 599 592 582 568 560 535 778 777 776 775 802 801 800 815 816 861 860 859 858 879 878 891 914 955 971 1021 1007 987 975 964 956 934 930 915 900 895 876 871 855 841 828 843 827 789 768 1249 1250 1270 1269 1268 1267 1266 1265 1264 1263 1292 1291 1294 1301 1312 1353 1359 626 634 643 652 661 670 669 691 703 
0 18 23 28 51 61 510 500 455 448 433 1054 1085 1097 1152 1161 1178 1188 1196 1213 1194 1181 1193 1220 1219 1218 1245 1244 1243 1242 1241 1202 1169 1168 1167 1163 1146 1129 1130 1131 1132 1112 1074 1048 1049 1050 1016 958 808 486 504 503 508 523 531 542 553 565 56 43 37 31 21 

the actuall costs is 9598.94
the using frequency of each operators in EAX is following
the percentage of or-insert is 0.41779
the percentage of or-swap is 0.58221
all percentage of each operator is following 
0.351549  0.046186  0.0120448  0.00408423  0.00193206  0.00123505  0.00075815  
0.241031  0.0547825  0.0151263  0.00617525  0.00273912  0.00128396  0.000904889  
0.0326616  0.0462472  0.0182323  0.00786275  0.00405977  0.00173641  0.00136956  
0.00851085  0.0197486  0.0174497  0.0098315  0.00465895  0.00261684  0.00177309  
0.00260461  0.00807063  0.00827851  0.00840079  0.00489129  0.00321602  0.00213994  
0.00102717  0.00440216  0.00421874  0.00486683  0.00452444  0.0034239  0.00222554  
0.000929345  0.00258016  0.00297146  0.00352173  0.00372961  0.00414537  0.00324048  


