the best solution's fitness is 
11660
the time when getting the optimal solution is 
3974
the sequence of best solution is following
0 1 4 5 8 14 20 26 32 630 618 617 616 599 592 587 557 551 553 558 566 586 585 584 583 600 612 611 610 601 594 589 581 568 560 561 562 569 580 590 570 571 549 548 547 543 538 526 519 516 506 496 490 487 467 468 466 456 449 432 431 421 413 402 401 395 400 403 412 420 429 434 435 428 427 436 447 437 426 418 417 425 439 440 441 423 414 386 357 352 343 344 320 308 313 314 321 338 337 336 335 334 333 332 331 330 326 325 324 317 310 300 299 298 290 289 282 281 280 288 287 303 304 305 306 307 286 278 273 271 261 250 248 241 231 221 216 220 193 192 189 188 183 181 180 177 176 173 171 174 175 178 179 182 184 187 190 191 194 185 186 170 167 166 165 164 168 162 161 158 157 154 153 150 149 146 145 142 141 138 137 134 133 130 128 129 109 106 105 95 89 84 81 74 72 66 60 54 48 42 36 30 24 18 
0 677 666 665 658 648 632 629 608 607 606 603 604 605 576 545 1288 1287 1286 1285 1284 1283 1282 1281 1280 1279 1301 1311 1306 1307 1308 1318 1317 1316 1327 1338 1339 1340 1348 1347 1346 1358 1363 1370 1380 1386 1391 1395 1410 1411 1412 1425 1433 1432 1424 1423 1431 1447 1448 1449 1453 1465 1466 1475 1476 1467 1468 1477 1478 1564 1559 1560 1563 1566 1565 1570 1569 1572 1571 1576 1575 1578 1577 1582 1581 1584 1589 1592 1595 1598 1603 1606 1609 1612 1616 1611 1610 1605 1604 1597 1596 1591 1590 1585 1580 1579 1574 1573 1568 1567 1562 1561 1556 1555 1550 1549 1548 1551 1554 1557 1558 1553 1552 1547 1546 1545 1544 1532 1533 1534 1535 1543 1536 1537 1538 1539 1540 1542 1541 1486 1474 1473 1485 1494 1495 1496 1493 1492 1497 1491 1498 1508 1513 1512 1507 1499 1489 1481 1472 1462 1452 1440 1435 1429 1421 1416 1420 1428 626 634 633 642 652 651 641 640 650 645 661 660 679 695 703 724 725 
0 736 737 738 739 740 1514 1509 1510 1515 1511 1516 1517 1518 1519 1520 1521 1522 1523 1524 1525 1526 1527 1528 1529 1530 1531 1469 1458 1587 1586 1583 1588 1593 1594 1599 1602 1607 1608 1613 1614 1619 1618 1621 1620 1625 1624 1627 1626 1631 1630 1635 1638 1641 1644 1645 1640 1639 1634 1632 1633 1650 1651 1654 1270 1251 767 788 827 843 894 902 955 971 1020 1033 1089 1100 1149 1159 1101 1088 1034 1019 970 954 903 893 892 854 844 826 825 790 766 1252 1269 1268 1267 1266 1299 1309 1319 1322 1330 1381 1394 1393 1392 1396 1397 1398 1399 1401 1402 1403 1404 1405 1415 644 654 655 662 676 683 692 700 710 709 708 707 706 726 730 734 
0 10 15 25 31 37 43 49 55 61 67 78 77 92 98 99 102 108 483 482 481 480 479 478 477 476 475 474 492 499 509 508 503 504 505 515 514 513 524 533 534 535 536 537 546 555 556 564 574 1409 1408 1407 1406 1388 1383 1376 1360 1377 1378 1359 1353 1354 1350 1344 1342 1333 1332 1325 1313 1303 1296 1289 1290 743 744 745 746 747 748 749 750 751 752 753 754 755 756 772 799 815 800 801 802 773 774 775 776 777 778 779 804 810 813 835 836 838 839 851 840 812 807 823 852 875 870 869 874 890 898 911 926 933 948 962 968 963 972 949 927 912 899 396 382 375 374 348 328 318 297 292 291 269 268 267 257 256 255 244 254 253 243 252 301 309 316 323 322 339 340 341 342 367 379 397 409 422 445 127 124 123 120 119 116 115 100 97 87 86 64 58 52 46 40 34 28 22 16 11 
0 728 723 722 721 704 696 691 687 669 670 671 672 673 674 680 681 682 1470 1479 1487 1488 1480 1471 1463 1451 1439 1434 1430 1422 1417 1400 1390 1385 1379 1371 1362 1356 1357 1337 1336 1335 1326 1312 1294 1291 1292 1293 1262 1263 1264 1265 1256 1257 1258 1259 758 759 760 761 794 793 763 762 1255 1254 1253 764 765 791 792 822 824 853 857 858 879 878 891 913 914 953 974 1018 1041 1017 1009 1010 1011 983 939 920 881 860 818 817 816 863 862 861 882 883 884 885 864 845 830 831 846 832 847 866 867 849 834 809 805 780 781 782 783 742 741 488 489 497 507 517 518 525 539 544 563 573 572 577 578 579 595 602 609 636 639 649 657 664 667 678 688 689 
0 12 17 23 29 35 41 47 53 59 65 70 75 93 101 107 110 114 117 118 121 122 125 126 131 132 135 136 139 140 143 144 147 148 151 152 155 156 159 160 163 169 172 285 277 272 260 249 242 230 215 195 196 197 198 199 200 201 202 203 204 205 206 207 208 209 210 211 212 213 219 223 224 225 226 227 237 238 245 259 264 265 1104 1126 1145 1154 1180 1190 1205 1221 1222 1223 1224 1225 1226 1227 1228 1229 1230 1231 1232 1213 1194 1196 1188 1195 1189 1179 1162 1153 1144 1125 1121 1103 1096 1084 1038 1029 1039 1030 319 329 349 363 362 372 371 361 360 370 365 356 366 380 389 390 391 381 392 405 404 430 433 448 455 465 464 463 462 461 454 453 460 471 472 473 495 502 512 520 527 531 541 530 528 521 511 501 494 500 493 510 522 529 540 552 565 588 591 598 619 620 68 62 56 50 44 38 19 13 9 
0 735 731 732 727 717 716 715 714 713 712 711 701 693 1450 1436 1441 1442 1443 1437 1444 1445 1446 1438 1426 1419 1413 1427 1418 1414 1389 1384 1361 1355 1351 1345 1343 1334 1329 1323 1315 1305 1298 1302 1295 1278 1277 1276 1261 1260 757 798 797 796 795 819 820 821 859 880 919 938 937 918 917 936 952 973 986 985 984 1012 1013 982 981 1014 1015 980 942 941 940 921 922 923 924 943 944 945 946 951 960 959 958 979 1016 1023 1024 1025 989 990 991 977 966 950 928 909 908 907 929 906 905 904 886 887 888 865 848 833 814 811 803 1297 1304 1314 1324 1328 1341 1349 575 597 596 624 627 643 653 656 663 675 684 685 686 699 698 697 705 718 719 720 729 733 
0 702 694 690 668 646 635 628 621 622 623 625 1387 1382 1375 1374 1373 1372 1369 1364 1365 1368 1367 1366 1352 1331 1321 1320 1310 1300 1275 1274 1273 1271 1250 768 789 828 841 855 871 876 895 900 915 930 934 956 964 975 987 1007 1021 1031 1042 1055 1068 1090 1098 1107 1122 1127 1150 1157 1165 1183 1191 1210 1209 1216 1246 1247 1248 1214 1215 1211 1192 1184 1166 1158 1151 1128 1123 1108 1099 1091 1069 1056 1043 1032 1022 1008 988 976 965 957 935 931 916 901 896 877 872 856 842 829 771 770 769 1249 1272 1653 1652 1649 1648 1647 1646 1643 1642 1637 1636 1629 1628 1623 1622 1617 1615 1600 1601 1457 1456 1455 1454 1464 1459 1460 1461 1484 1483 1482 1490 1500 1501 1502 1503 1504 1505 1506 
0 21 27 33 39 45 51 57 63 69 76 79 91 111 112 459 452 446 438 419 406 393 394 383 376 373 364 992 993 994 995 996 997 998 999 1000 1028 1037 1027 1036 1053 1063 1082 1094 1093 1092 1081 1080 1079 1078 1117 1118 1119 1139 1138 1137 1136 1135 1134 1133 1132 1112 1111 1131 1130 1109 1105 1086 1070 1044 1040 1087 1106 1147 1148 1160 1164 1207 1208 1217 1237 1236 1238 1239 1240 1241 1242 1243 1244 1245 1218 1219 1220 1235 1234 1233 1212 1193 1181 1178 1161 1152 1143 1097 1085 276 266 263 258 246 239 236 235 234 233 228 229 218 214 217 222 232 240 247 251 262 270 274 279 302 315 353 358 368 378 385 387 398 408 410 415 444 450 457 104 96 90 83 82 73 
0 2 3 6 7 659 647 637 638 631 615 614 613 593 582 567 559 554 550 542 532 523 498 491 470 469 484 485 486 787 786 785 784 806 808 837 850 868 873 889 897 910 925 932 947 961 969 967 978 1001 1002 1003 1004 1005 1006 1026 1035 1052 1064 1065 1066 1067 1051 1077 1116 1115 1114 1113 1074 1075 1076 1050 1049 1048 1047 1073 1072 1046 1045 1071 1110 1129 1146 1163 1167 1206 1204 1203 1168 1169 1202 1201 1170 1171 1200 1199 1172 1173 1198 1197 1174 1175 1185 1186 1176 1177 1187 1182 1156 1140 1141 1142 1155 1124 1120 1102 1095 1083 1057 1058 1059 1062 1061 1060 1054 312 295 294 284 275 283 293 296 311 327 347 346 345 350 351 355 354 359 369 377 384 388 399 407 411 416 424 442 443 451 458 113 103 94 88 85 80 71 

the actuall costs is 11660
the using frequency of each operators in EAX is following
the percentage of or-insert is 0.492339
the percentage of or-swap is 0.507661
all percentage of each operator is following 
0.463158  0.0239086  0.00405414  0.000801578  0.000354544  6.16599e-05  0  
0.26859  0.0439481  0.0083395  0.00269762  0.00107905  0.000262055  0.000169565  
0.020764  0.0440097  0.012147  0.00365335  0.00221976  0.000508694  0.000508694  
0.00376125  0.0108521  0.0142434  0.00656678  0.00316007  0.00143359  0.000786164  
0.00104822  0.00359169  0.00585769  0.0071063  0.00405414  0.00214268  0.00137193  
0.00021581  0.00221976  0.0028826  0.0036071  0.00450117  0.00243557  0.00166482  
0.00024664  0.000924898  0.00140276  0.00252806  0.00309841  0.00389999  0.00316007  


