the best solution's fitness is 
5763.26
the time when getting the optimal solution is 
26
the sequence of best solution is following
0 1276 1292 1275 1393 1360 1352 1250 1342 1387 1341 957 860 798 908 774 834 771 885 951 855 881 903 793 823 791 949 853 927 766 901 763 822 851 947 820 760 899 923 757 921 945 816 896 848 756 922 898 818 946 786 897 817 754 895 847 943 785 845 750 918 784 749 892 812 942 846 940 782 868 806 747 939 781 807 746 743 888 936 778 838 776 840 744 937 745 891 811 917 941 871 841 889 779 865 886 801 1366 1248 910 1249 1340 1359 1351 1392 1386 1247 1273 1389 1349 1245 1264 1339 1263 1244 1262 1338 1243 1261 1240 1357 1269 1347 1391 1335 1336 1239 1385 
0 1358 1348 1285 1397 1363 1288 1289 187 193 89 88 82 282 279 168 267 77 184 191 291 192 83 276 178 78 283 274 169 209 79 181 71 280 84 74 268 64 266 70 172 67 273 73 272 180 183 278 286 94 87 91 287 186 177 76 284 198 90 179 97 93 175 271 270 185 68 166 65 72 277 80 174 269 61 36 38 
0 1170 1012 1098 980 1145 1043 1121 983 1147 1171 985 1048 1101 1015 1102 1049 1016 1150 1076 1124 987 1050 990 1078 1126 1105 991 1019 995 994 1054 1081 1055 1178 1020 1106 1177 1175 1103 1077 989 1152 1053 1154 996 1082 1130 1056 993 1128 1080 1129 992 1176 1018 1127 1052 1017 1051 988 1151 1125 1174 1104 1079 1153 1173 1045 982 95 196 194 288 290 99 100 190 66 69 176 171 265 170 81 189 86 182 281 188 285 85 167 275 263 260 165 261 163 62 162 161 
0 1308 1233 521 692 668 644 691 641 713 555 580 617 616 666 520 556 642 665 517 518 1319 1317 1193 1215 203 1324 1316 1379 131 1231 1232 1205 234 35 132 25 212 121 223 225 20 16 201 19 29 206 118 110 218 11 9 8 112 111 5 6 120 32 231 128 17 18 14 221 115 129 33 235 130 327 353 387 390 489 441 415 511 386 488 462 352 412 440 325 510 438 322 414 461 509 383 437 351 320 324 384 321 315 457 505 433 377 480 504 313 481 455 345 503 431 478 311 479 405 453 347 407 312 426 367 428 310 430 498 402 308 499 451 368 496 364 472 398 361 301 494 302 365 497 399 495 425 339 401 306 449 338 448 307 299 468 470 423 445 335 469 395 421 296 1188 1378 1315 1214 1314 1186 1375 1185 1371 1300 1311 1299 1321 1209 1180 1181 1211 1183 1312 1322 1201 1222 1221 
0 1258 1355 1280 1369 1279 1257 1298 1278 1354 1390 1256 1368 294 107 105 108 852 900 821 874 755 872 752 870 916 866 803 864 912 935 777 913 839 887 863 1246 1365 
0 933 907 832 772 931 905 929 826 883 797 955 906 858 932 775 835 859 831 856 930 796 768 857 795 829 769 953 928 854 878 761 824 948 758 924 938 106 815 890 780 1274 1364 1270 
0 1399 
0 1282 1283 1281 1 158 59 160 252 256 153 247 50 145 255 
0 764 950 762 877 925 759 788 789 873 753 944 809 804 934 800 836 1350 1287 1286 1241 1242 1337 1395 1271 75 197 96 92 63 264 262 164 
0 770 799 909 861 956 833 767 794 952 830 882 827 880 902 792 926 843 748 869 810 842 914 1284 241 43 40 26 135 114 215 141 
0 626 722 650 529 671 695 621 647 585 559 525 645 693 619 669 530 590 672 720 648 526 561 588 1318 1309 1195 219 117 1238 1237 1236 1207 1196 1218 1192 1307 1191 1306 1190 1373 4 214 220 13 113 31 139 42 233 30 136 244 147 45 48 156 257 144 243 124 217 116 512 328 388 416 465 491 393 357 467 417 355 463 439 485 381 507 458 482 484 350 508 382 436 506 378 373 404 501 429 476 371 304 424 298 492 394 295 422 420 1189 1323 1328 1212 1229 
0 155 251 151 248 249 250 150 146 245 535 566 724 595 652 532 701 653 567 537 568 539 654 678 598 628 702 676 606 683 547 546 609 731 659 603 631 540 543 573 729 681 633 577 549 575 733 735 553 664 685 736 687 613 578 638 551 734 688 712 611 576 686 552 663 550 610 635 607 574 732 660 682 730 604 571 657 600 629 677 705 728 704 570 542 727 601 572 708 684 662 634 605 707 544 706 536 596 700 533 674 564 624 696 528 649 721 697 718 527 618 714 689 615 1200 1320 1197 1198 1199 1220 1376 1332 1206 1331 1234 1217 392 332 466 391 515 418 490 442 380 408 317 410 406 502 314 344 346 316 434 341 475 366 447 473 303 309 369 1226 1302 1224 1184 1203 1303 1383 1228 1327 1227 1223 
0 1006 1140 1035 975 1116 1066 1113 1063 1001 1111 1137 1030 1003 1162 972 1032 969 1138 1112 1136 1110 1000 1134 1060 1132 960 1023 963 966 1002 1028 968 1031 1092 1064 1160 1025 1109 1087 1088 1158 1062 1029 1161 970 1091 1065 1139 1005 1033 967 1159 1027 1089 1265 849 919 893 808 805 742 802 739 159 259 
0 289 98 1036 976 1143 1009 1119 1071 1011 1169 1073 1099 1013 1075 1149 986 1046 1123 1172 1047 984 1100 1014 1148 1074 1122 1044 1120 1072 1146 981 1041 978 1038 1118 1070 1144 1010 1096 1040 1168 977 1166 1004 1114 1090 965 1026 1108 998 1058 1268 1296 1297 1345 1267 1255 1266 1344 1293 1361 1353 1254 1253 1367 1398 1295 1294 1396 1277 1291 1290 904 828 876 850 819 875 787 783 751 814 867 915 741 837 911 738 862 737 
0 103 101 293 210 102 104 195 292 173 554 640 612 637 534 627 651 723 565 675 725 594 625 563 592 698 589 562 622 717 522 670 716 523 583 667 643 579 516 1310 519 1380 1374 1208 1325 1235 227 22 21 27 230 10 213 109 122 34 238 133 140 226 24 204 222 123 228 333 330 385 372 370 500 342 446 336 362 444 493 359 1204 1202 1381 1301 
0 211 3 199 208 143 
0 1039 1167 979 1097 1042 1165 1067 1115 974 1094 1142 1008 1069 1117 1007 1093 973 1163 1141 1095 1037 1068 1164 1034 971 1135 1061 1024 1085 1059 961 1021 1260 1346 1388 1259 1356 1394 1362 1370 958 1057 997 1022 959 1084 1156 962 1086 1155 1083 964 1157 999 1133 1107 1131 1252 1343 1251 773 884 954 765 825 879 790 920 894 813 844 740 1272 
0 57 254 54 154 253 680 602 658 541 656 726 630 538 703 239 548 608 545 569 655 699 673 593 137 37 242 142 39 587 524 558 646 586 694 207 205 125 229 23 127 12 232 216 237 464 513 354 486 323 460 413 319 349 409 374 343 403 340 305 396 397 471 363 297 1329 1213 1313 
0 60 258 58 152 51 246 148 44 240 710 138 41 639 2 614 711 636 632 597 719 557 582 581 1219 1382 1216 119 331 514 379 348 435 483 454 450 427 474 337 300 1187 1225 1210 1377 
0 56 47 52 149 53 46 49 157 55 709 661 679 599 531 591 623 715 560 620 584 690 1334 1326 1333 1384 1194 1305 1230 28 224 7 15 202 126 200 134 375 236 419 356 443 329 389 326 487 411 459 318 456 376 432 452 477 400 360 334 358 1330 1304 1372 1182 1179 

the actuall costs is 5763.26
the using frequency of each operators in EAX is following
the percentage of or-insert is 0.349348
the percentage of or-swap is 0.650652
all percentage of each operator is following 
0.308167  0.0339739  0.00480439  0.00205903  0  0  0.000343171  
0.157515  0.064173  0.0168154  0.00480439  0.00171585  0.00205903  0.00102951  
0.0339739  0.0652025  0.0277968  0.0116678  0.00789293  0.00308854  0.00171585  
0.00857927  0.0332876  0.0229925  0.0126973  0.00789293  0.0024022  0.0024022  
0.00205903  0.0137268  0.0178449  0.01407  0.00926561  0.00480439  0.00480439  
0.000343171  0.00480439  0.00789293  0.0082361  0.00960879  0.00926561  0.00514756  
0  0.00343171  0.00514756  0.0109815  0.0137268  0.00652025  0.00926561  


