the best solution's fitness is 
5763.26
the time when getting the optimal solution is 
3364
the sequence of best solution is following
0 1244 1263 1339 1264 1245 1364 1365 1366 739 911 777 839 865 937 841 915 891 811 814 754 757 923 820 899 925 823 763 927 879 825 902 854 928 952 856 882 954 858 798 908 860 1290 1393 1360 1275 1265 1343 1252 1253 1254 1344 1266 1255 1345 1268 1390 1258 1388 1259 1346 1260 958 1021 1155 1085 999 1061 1111 968 1160 1064 1004 1162 1066 1140 1035 1116 1164 974 1115 1067 1141 1037 1094 1008 1166 1070 1096 1010 1168 1072 1146 1122 1074 1014 1076 1016 1174 989 1125 1049 1102 1172 1100 983 1170 1043 1145 1009 1040 1143 977 1117 1069 1095 976 1165 1007 1036 1093 973 1163 1033 1005 1139 1091 970 1161 1030 1137 1063 1001 1087 1157 1024 961 
0 1371 1301 1183 1312 1184 1203 1204 1314 1372 1188 1304 1189 295 420 358 298 422 396 444 299 423 362 495 399 425 365 338 305 497 401 427 341 308 476 342 428 370 310 373 344 406 316 434 379 410 436 350 460 412 486 352 438 325 440 388 328 416 490 392 464 389 488 326 511 353 327 489 390 355 465 330 491 467 231 128 232 129 228 24 224 19 118 113 214 110 4 1230 1316 1305 1373 1190 1306 1324 1215 1205 1307 1192 1193 1194 1317 1308 1195 1207 1208 1196 1376 1326 616 642 556 690 518 581 666 521 692 584 668 558 644 618 714 520 583 716 620 524 694 587 670 527 622 718 526 648 562 696 590 672 530 624 650 564 722 532 652 626 700 596 566 676 536 628 627 597 725 655 569 703 538 726 568 702 599 678 630 704 602 680 542 605 682 545 634 730 572 658 632 728 570 656 601 679 541 705 604 571 540 603 729 543 606 546 661 635 731 573 659 633 681 544 707 607 683 547 709 610 685 575 733 549 663 612 735 577 711 687 553 736 688 554 614 712 551 686 638 664 734 576 662 636 732 574 708 608 684 548 710 611 240 138 41 245 146 33 235 130 237 324 461 384 485 411 321 459 349 483 435 317 482 408 480 314 374 478 404 452 371 429 343 309 451 369 475 306 449 303 447 337 363 471 300 445 493 335 395 296 468 394 1323 1213 1229 1225 1224 1211 1210 1223 1321 1377 
0 1256 1354 1257 1355 1356 1057 1083 997 1131 959 1058 1084 998 1156 1022 1107 962 1059 1133 1025 1109 965 1062 1088 1002 1029 1136 966 1110 1026 1000 1086 1060 963 1108 1023 1132 960 1370 1362 1394 1280 1369 1279 1368 1278 1298 1297 1267 1296 1367 1398 1295 1294 1293 1361 1353 1396 1277 1276 1292 1291 1251 1342 1352 1250 1387 1341 830 767 827 824 878 756 943 871 845 941 744 888 741 801 863 738 1249 1340 1248 1386 1349 1272 1289 1288 1287 1363 1397 1286 1285 1284 1358 1395 1348 1243 1242 1241 1337 
0 1299 1300 1180 1201 1182 1381 1322 1302 1383 1227 1228 1303 1212 1313 1328 1329 1187 1378 1330 297 360 469 359 334 492 302 339 448 424 364 496 304 426 367 498 368 499 501 430 454 431 405 453 375 315 378 347 377 456 505 409 381 387 463 415 439 509 319 382 385 414 354 512 329 356 442 391 514 331 418 332 515 357 419 26 17 115 216 116 221 18 6 7 5 15 233 30 139 136 127 204 23 16 121 223 226 201 9 112 8 10 109 213 218 220 13 22 205 27 35 132 207 131 234 230 25 203 1379 1191 1231 1216 1325 1233 1234 1235 1331 1237 1218 1332 1219 117 219 1333 1220 1380 1320 1199 1374 1310 1200 517 615 641 516 579 555 713 519 691 582 715 619 523 646 586 693 559 669 621 717 585 525 588 647 561 719 623 671 529 697 563 649 591 721 531 594 723 534 653 567 701 598 654 535 724 595 675 565 699 625 673 592 593 239 137 242 142 39 247 47 144 244 42 243 236 241 141 36 208 
0 143 38 134 135 40 49 52 60 258 58 57 155 250 152 51 249 53 248 149 148 246 46 44 533 674 698 720 589 695 557 643 617 665 689 1318 1309 1206 1382 1217 1232 11 227 29 206 34 133 238 31 222 123 202 120 200 12 14 217 119 32 333 393 443 417 513 441 510 386 323 413 351 484 320 458 506 348 504 376 313 502 432 346 433 481 407 503 455 312 372 477 403 450 402 307 400 474 366 473 446 398 494 301 361 336 470 421 1315 1214 1186 1375 1185 215 114 1327 1226 1222 1209 1311 1221 
0 256 59 160 260 61 167 269 174 271 175 197 96 92 93 97 284 90 198 294 105 107 108 773 956 833 884 770 796 906 771 932 834 957 774 861 775 835 909 799 885 859 933 772 907 832 931 769 905 829 929 766 826 903 793 951 765 881 855 795 953 857 883 797 955 831 930 768 904 828 794 880 764 950 792 926 762 949 853 901 791 760 851 877 822 924 790 900 852 948 761 821 876 758 850 898 819 788 818 874 848 944 786 872 812 844 940 782 892 810 750 918 813 894 753 816 873 787 945 849 897 817 921 847 895 785 919 751 893 783 869 747 939 843 917 748 808 781 867 807 914 780 890 842 868 746 938 806 866 743 936 840 778 864 740 934 800 862 737 836 910 776 886 838 912 804 779 889 745 805 913 742 802 887 935 837 1359 1351 1392 1274 1350 1247 1273 1389 1246 106 75 63 264 262 164 159 
0 259 1 1281 1391 1347 1335 1385 1239 1336 1240 1261 1357 1269 1282 1283 1270 1271 1338 1262 803 916 809 749 870 784 942 752 846 920 896 922 875 789 947 759 946 755 815 185 166 65 68 270 72 76 277 80 179 275 85 285 188 281 182 278 81 86 286 189 94 289 98 87 91 287 183 186 99 100 290 190 288 184 291 191 192 88 82 282 89 193 83 283 187 195 194 292 95 293 196 103 101 104 102 210 79 209 169 71 181 84 280 74 274 268 64 178 78 276 173 267 172 168 266 67 279 77 273 70 66 73 272 69 177 180 176 265 171 170 62 261 163 165 263 162 161 158 
0 1399 
0 199 211 3 994 1177 1081 995 1129 1055 1153 1019 1054 1105 991 1079 992 1127 1017 1175 1051 1103 988 1077 1151 1052 1104 1018 1176 1080 1106 1020 1178 1082 996 1130 1056 1154 993 1128 1053 1152 1078 990 1126 1050 1150 987 1124 1047 984 1148 1046 1147 1013 1123 986 1149 1015 1173 1048 1101 985 1075 1171 1045 1099 982 1169 1073 1121 1011 1042 1097 979 1039 1167 1071 1119 980 1098 1012 1044 981 1120 1041 1144 978 1118 1038 1142 975 1068 1034 1092 1006 972 1114 1032 1138 969 1112 1134 1158 1135 1028 1090 1031 1113 971 1065 1003 1089 967 1159 1027 964 
0 1179 1181 1202 397 472 340 500 311 479 345 457 318 380 507 437 383 508 322 462 487 466 126 124 20 212 111 225 122 125 229 140 21 28 1384 1236 1238 1197 1198 1319 1334 580 667 522 645 560 528 651 677 629 537 600 727 657 631 539 706 660 609 637 550 613 578 640 639 552 2 37 251 151 150 157 55 254 54 154 253 156 257 153 252 56 255 50 48 45 147 145 43 

the actuall costs is 5763.26
the using frequency of each operators in EAX is following
the percentage of or-insert is 0.372523
the percentage of or-swap is 0.627477
all percentage of each operator is following 
0.334219  0.0306653  0.00509244  0.000885642  0.000774936  0.00022141  0.000664231  
0.143474  0.0626591  0.0146131  0.00409609  0.0021034  0.00110705  0.000885642  
0.0304439  0.0607772  0.0280084  0.00918853  0.00365327  0.00177128  0.00154987  
0.00387468  0.0253515  0.0293369  0.0160523  0.00885642  0.00442821  0.00309975  
0.00132846  0.0122883  0.0138381  0.0178235  0.0102956  0.0064209  0.00575667  
0.000664231  0.0042068  0.0063102  0.0101849  0.0118455  0.0101849  0.00719584  
0.000553526  0.00343186  0.0043175  0.00664231  0.0128418  0.0122883  0.0137274  


