the best solution's fitness is 
12630.1
the time when getting the optimal solution is 
10715
the sequence of best solution is following
0 11 13 34 46 74 93 109 119 156 193 187 215 262 295 264 241 216 206 217 212 235 224 227 239 213 185 159 160 153 151 148 115 126 105 88 75 61 45 39 28 38 30 16 18 42 50 51 44 55 63 85 73 96 89 112 131 123 130 147 177 194 230 250 279 315 282 252 214 196 205 167 168 178 192 218 242 255 300 321 268 289 302 249 229 208 175 161 172 202 232 231 261 296 328 340 400 441 486 506 536 534 498 548 559 637 613 678 715 702 646 686 725 676 698 729 811 844 831 830 873 931 943 868 900 837 861 918 859 826 857 912 967 983 1061 1126 1148 1203 1238 1312 1298 1350 1371 1263 1257 1256 1254 1171 1116 1114 1128 1110 1085 1064 1004 964 889 827 821 757 768 793 815 936 1026 1029 1009 1012 1090 1151 1224 1193 1138 1179 1161 1164 1231 1266 1282 1334 1356 1361 1464 1545 1663 1736 1717 1677 1712 1746 1799 1887 1927 2012 1993 1958 1910 1880 1847 1779 1721 1705 1653 1614 1522 1553 1512 1438 1351 1299 1297 1386 1430 1406 1423 1530 1526 1543 1599 1597 1670 1687 1762 1719 1755 1622 1589 1628 1548 1517 1466 1420 1383 1339 1313 1267 1248 1279 1387 1366 1384 1316 1293 1260 1176 1210 1104 1075 1027 1049 1023 995 989 985 951 892 875 832 763 723 738 709 677 731 718 777 824 874 846 851 925 864 803 741 736 692 631 635 605 584 524 561 519 445 466 425 422 370 390 331 298 266 263 240 222 204 181 165 152 154 107 103 102 82 60 33 22 12 
0 313 461 512 653 706 828 882 974 957 970 1083 1095 1120 1156 1223 1269 1310 1348 1431 1598 1854 2014 2075 2113 2089 2027 2066 2122 2140 2094 2033 2009 1952 1945 1919 1928 1939 1890 1987 1886 1738 1735 1786 1783 1819 1855 1869 1933 1907 1946 2038 2217 2251 2325 2366 2499 2503 2603 2579 2576 2628 2589 2425 2446 2518 2614 2596 2641 2504 2454 2339 2261 2099 2045 2167 2195 2310 2346 2461 2435 2372 2500 2562 2602 2701 2697 2824 2793 2751 2648 2597 2513 2442 2457 2550 2490 2486 2465 2399 2470 2492 2377 2404 2340 2243 2172 2141 2073 2134 2128 1940 1920 1879 1882 1742 1816 1750 1787 1807 1778 1698 1625 1500 1450 1465 1498 1440 1360 1303 1240 1288 1187 1117 1059 1018 1045 1074 960 945 949 1019 1051 1127 1129 1220 1329 1332 1338 1424 1486 1409 1455 1566 1616 1637 1635 1691 1731 1771 1789 1760 1684 1723 1672 1551 1569 1602 1528 1478 1426 1432 1436 1374 1336 1274 1241 1102 1040 1043 984 952 863 801 753 717 724 707 696 699 660 644 599 607 346 288 271 
0 329 351 398 426 482 521 565 643 759 819 847 948 1003 1182 1273 1321 1315 1335 1354 1435 1492 1516 1559 1463 1448 1188 1015 1053 1112 1036 1047 1097 1121 1157 1195 1250 1305 1343 1325 1441 1568 1523 1536 1579 1592 1646 1756 1754 1770 1833 1842 1902 1967 2048 2107 2247 2434 2489 2537 2551 2625 2595 2460 2497 2478 2561 2633 2654 2570 2483 2415 2360 2376 2441 2396 2291 2212 2196 2221 2154 2098 2143 2160 2324 2408 2421 2481 2557 2598 2657 2731 2843 2805 2682 2671 2742 2821 2792 2752 2781 2841 2869 2892 3057 3089 3054 3085 3104 3150 3166 3189 3264 3279 3313 3342 3341 3326 3401 3441 3471 3514 3512 3592 3603 3636 3653 3652 3663 3711 3745 3775 3734 3689 3647 3613 3564 3584 3533 3519 3504 3524 3466 3469 3497 3499 3385 3329 3278 3246 3291 3327 3357 3318 3259 3226 3219 3179 3115 3120 3103 3134 3137 3156 3193 3254 3258 3161 3077 3073 3127 3069 3002 3029 3044 2990 2921 2902 2858 2774 2741 2707 2669 2544 2540 2477 2472 2395 2306 2233 2170 2096 2019 1889 1713 1716 1683 1668 1655 1578 1508 1541 1557 1584 1572 1574 1520 1328 1283 1233 1204 1150 1106 1079 934 919 879 822 790 764 722 539 459 388 356 301 
0 460 508 473 467 566 567 627 701 713 891 941 1100 1143 1192 1186 1086 1010 923 903 840 697 700 577 513 462 433 332 281 260 228 258 276 317 353 362 413 452 483 502 481 609 541 540 630 594 669 685 791 816 835 920 904 971 1007 1068 1094 1175 1209 1252 1308 1347 1342 1550 1633 1709 1743 1781 1753 1825 1896 1930 1968 2056 2049 2060 2116 2213 2146 2177 2258 2315 2447 2514 2558 2644 2818 2835 2814 2894 2941 2999 3091 3048 2975 2951 2856 2897 2986 2967 3000 3053 3252 3337 3303 3242 3281 3300 3335 3375 3374 3419 3352 3356 3400 3448 3494 3458 3427 3389 3314 3237 3256 3216 3194 3173 3154 3108 3039 3042 3047 2993 2939 2877 2904 2884 2783 2700 2655 2605 2585 2511 2474 2332 2144 2010 1998 1924 1856 1838 1759 1741 1798 1706 1674 1621 1594 1542 1558 1521 1539 1510 1475 1402 1322 1294 1245 1211 1024 973 908 911 829 782 621 503 485 439 354 
0 6 35 23 41 59 101 114 113 118 140 180 197 269 499 520 517 579 615 604 585 691 687 721 734 776 872 962 1060 1065 1139 1158 1300 1378 1381 1534 1821 1965 2018 2222 2285 2403 2428 2482 2566 2563 2674 2728 2778 2820 2934 2982 3067 3143 3211 3282 3390 3477 3470 3576 3621 3618 3696 3771 3825 3862 3823 3809 3856 3859 3881 3922 3996 4025 4096 4077 4139 4106 4144 4153 4160 4182 4202 4265 4248 4215 4200 4179 4165 4141 4112 4103 4082 4072 4109 4119 4155 4175 4198 4185 4183 4168 4180 4218 4227 4236 4241 4287 4284 4267 4283 4297 4319 4312 4328 4344 4357 4370 4382 4391 4386 4372 4363 4356 4331 4327 4323 4282 4266 4247 4255 4280 4253 4258 4293 4320 4347 4337 4340 4358 4366 4376 4374 4369 4352 4332 4318 4290 4285 4268 4251 4230 4222 4172 4146 4140 4148 4173 4192 4208 4216 4156 4122 4115 4145 4125 4090 4088 4058 4033 4002 3971 3955 3878 3773 3733 3699 3748 3789 3794 3815 3802 3841 3873 3909 3910 3896 3942 3959 3974 4031 4053 4052 4059 4017 4008 3967 3895 3854 3818 3806 3752 3741 3691 3628 3600 3554 3481 3437 3410 3359 3306 3229 3184 3165 3133 3083 3049 2961 2913 2865 2836 2745 2683 2637 2466 2436 2405 2390 2305 2265 2205 2173 2153 2041 2002 1905 1859 1696 1472 1399 1277 1212 1174 1169 1130 1088 1048 1046 947 953 972 976 885 807 760 714 640 488 543 526 507 455 412 376 347 256 223 121 
0 190 275 311 334 447 500 582 595 626 682 743 813 909 1016 1057 1314 1393 1417 1480 1547 1576 1654 1636 1752 1788 1806 1862 1900 1934 1959 1981 1996 1986 2074 2093 2119 2185 2165 2256 2294 2273 2270 2312 2380 2362 2437 2571 2618 2666 2662 2577 2555 2626 2660 2754 2784 2758 2786 2790 2708 2686 2572 2528 2495 2479 2444 2449 2411 2391 2431 2569 2622 2685 2749 2838 2907 2890 2845 2785 2681 2651 2604 2548 2532 2452 2484 2505 2536 2526 2593 2615 2631 2699 2680 2620 2704 2739 2757 2769 2844 2906 2952 2971 3034 3093 3158 3075 3024 3009 2957 3016 3061 3135 3149 3201 3243 3125 3035 2988 2983 3001 2925 2811 2787 2776 2726 2658 2529 2554 2586 2507 2430 2393 2293 2236 2235 2263 2264 2228 2158 2086 1974 1865 1827 1796 1761 1740 1686 1669 1707 1729 1764 1832 1851 1837 1751 1603 1601 1505 1511 1443 1418 1401 1414 1307 1280 1216 1160 1092 1080 1014 975 869 770 737 673 614 598 537 484 410 432 418 369 373 378 363 367 387 389 453 471 409 372 349 304 287 320 333 297 274 254 234 186 138 116 108 91 54 48 29 27 26 2 10 1 5 7 14 19 25 32 21 17 8 20 31 43 47 53 64 69 65 81 99 100 128 146 139 137 144 183 207 211 265 253 280 307 341 337 395 411 424 393 392 336 318 310 284 309 330 380 415 342 338 290 257 259 225 219 191 164 
0 322 611 783 855 866 956 1005 1021 968 961 1008 993 1062 1144 1213 1284 1306 1341 1337 1311 1173 1132 1054 1146 1199 1142 1098 1067 982 1031 1011 906 854 841 771 740 675 602 468 423 530 529 619 772 856 1056 1154 1167 1202 1372 1495 1540 1600 1692 1675 1733 1794 1846 1909 1903 1941 1918 1922 1906 1950 1942 2069 2005 1957 1973 2024 2078 2197 2254 2252 2267 2560 2695 2756 2840 2937 2947 3036 3078 3011 3015 2995 3018 2970 3027 3046 3151 3200 3162 3228 3286 3380 3361 3336 3338 3344 3393 3446 3522 3536 3586 3630 3637 3620 3677 3772 3747 3791 3835 3872 3890 3907 3947 3937 3913 3876 3874 3814 3754 3709 3737 3701 3581 3547 3535 3429 3388 3331 3245 3208 3107 3065 3007 2799 2735 2693 2694 2650 2469 2397 2402 2194 2136 2017 1970 1908 1867 1658 1587 1429 1389 1268 1239 1229 1181 1058 899 865 719 672 651 606 
0 98 117 149 166 233 316 345 365 416 438 492 552 650 703 681 744 825 910 998 1052 1087 1162 1243 1265 1434 1504 1565 1688 1766 1883 1916 1935 1997 2054 2067 2101 2147 2232 2323 2318 2370 2401 2427 2623 2688 2721 2760 2875 2958 3084 3136 3182 3186 3244 3265 3277 3369 3487 3506 3538 3596 3649 3707 3680 3685 3641 3593 3575 3543 3484 3364 3267 3276 3345 3387 3403 3414 3450 3492 3528 3571 3525 3610 3742 3753 3792 3846 3869 3860 3883 3928 3961 3948 3911 3969 4022 4011 4043 4099 4097 4071 4092 4070 4054 4015 3988 3999 3923 3897 3894 3891 3888 3851 3857 3919 3889 3812 3836 3831 3853 3929 4003 4004 3965 3949 3977 4037 4078 4107 4120 4100 4132 4055 4105 4137 4143 4181 4219 4199 4224 4176 4205 4188 4209 4231 4260 4239 4243 4195 4204 4220 4211 4210 4178 4157 4133 4123 4084 4075 4041 4012 3957 3985 3932 3975 4034 4056 4069 4091 4039 3995 3952 3875 3839 3838 3834 3767 3738 3706 3708 3695 3757 3799 3774 3703 3670 3665 3633 3572 3513 3457 3508 3556 3490 3449 3333 3376 3383 3308 3263 3275 3205 3105 3028 2954 2886 2828 2826 2822 2898 2969 2899 2928 2868 2773 2703 2706 2672 2656 2729 2663 2594 2515 2476 2424 2359 2180 2106 2000 1938 1873 1820 1776 1623 1514 1444 1270 1226 1096 969 898 758 656 589 546 394 312 277 243 188 179 133 104 57 37 3 
0 78 189 272 429 476 528 608 679 710 800 901 996 1194 1261 1529 1605 1714 1822 1836 1876 1904 2001 2036 2077 2043 2061 2097 2121 2187 2223 2336 2409 2448 2426 2414 2521 2567 2675 2766 2794 2936 2984 3140 3170 3172 3192 3285 3347 3433 3422 3496 3557 3615 3729 3784 3811 3905 3962 4013 4045 4116 4203 4234 4250 4223 4264 4288 4301 4308 4321 4278 4298 4311 4362 4390 4402 4392 4375 4345 4355 4339 4359 4384 4398 4399 4400 4434 4450 4452 4453 4449 4454 4460 4459 4458 4447 4438 4456 4457 4455 4443 4436 4446 4445 4435 4418 4415 4423 4430 4429 4424 4441 4451 4444 4448 4442 4439 4432 4422 4419 4416 4426 4428 4420 4408 4394 4393 4371 4387 4395 4414 4407 4406 4412 4405 4404 4389 4380 4360 4385 4397 4396 4403 4410 4401 4409 4421 4431 4437 4440 4427 4411 4417 4433 4425 4413 4378 4383 4388 4373 4361 4350 4315 4314 4338 4353 4368 4342 4326 4316 4294 4257 4242 4261 4263 4214 4149 4111 4063 4061 3994 3934 3829 3763 3719 3562 3503 3353 3284 3198 3147 3088 3004 2935 2908 2859 2837 2711 2587 2509 2456 2459 2343 2290 2278 2242 2174 2120 2080 2046 2065 2006 2008 1954 1911 1841 1860 1888 1849 1914 1979 1976 1898 1828 1830 1797 1763 1612 1564 1507 1509 1513 1457 1400 1376 1285 1218 1115 1072 1028 804 730 515 368 273 245 210 182 150 87 49 
0 293 325 375 371 381 477 587 648 668 639 695 690 684 746 762 839 917 893 814 843 883 926 797 780 778 812 810 890 929 884 940 958 999 1076 1118 1449 1531 1590 1649 1700 1780 1848 1885 2029 2052 2085 2230 2298 2367 2463 2538 2599 2613 2610 2722 2768 2801 2798 2854 2775 2724 2684 2679 2759 2806 2823 2777 2734 2692 2638 2740 2737 2802 2832 2851 2893 2956 3012 3059 3132 3123 3183 3187 3210 3247 3293 3443 3424 3340 3304 3260 3196 3112 3190 3270 3334 3351 3417 3392 3412 3465 3507 3553 3598 3632 3588 3574 3544 3549 3534 3608 3686 3697 3743 3785 3760 3764 3817 3855 3871 3796 3797 3824 3804 3746 3731 3726 3740 3650 3631 3634 3604 3529 3509 3468 3478 3405 3349 3320 3255 3238 3213 3111 3071 3090 3055 3052 2998 2964 2918 2985 2883 2955 2959 2910 2912 2931 2917 3022 3041 3195 3175 3236 3295 3370 3299 3241 3203 3207 3152 3110 3021 3008 2974 3045 2992 2943 2850 2813 2762 2608 2525 2491 2453 2330 2351 2297 2229 2189 2058 2022 1931 1923 1730 1694 1645 1606 1494 1413 1416 1353 1359 1396 1368 1304 1330 1324 1344 1373 1394 1419 1403 1483 1502 1470 1428 1397 1296 1197 1125 1034 955 897 849 799 727 586 525 397 350 314 251 221 173 135 125 
0 120 155 169 374 450 501 564 596 659 808 853 902 992 1069 1109 1155 1208 1253 1244 1369 1487 1626 1704 1699 1793 1863 1877 2044 2157 2204 2302 2374 2327 2313 2295 2216 2211 2208 2135 2037 2021 2152 2156 2125 2126 2151 2253 2383 2496 2501 2573 2612 2517 2584 2667 2738 2803 2874 2978 3079 2920 2860 2867 2866 2848 2804 2800 2732 2643 2606 2578 2542 2510 2467 2388 2350 2364 2365 2420 2480 2519 2530 2512 2556 2629 2691 2640 2588 2522 2451 2386 2337 2284 2280 2314 2184 2055 1999 1925 1850 1901 1894 1818 1769 1845 1972 1966 2016 2072 2110 2053 1955 2007 2087 2082 2142 2190 2226 2296 2276 2309 2303 2338 2319 2259 2281 2199 2133 2088 2025 1929 2039 2015 2030 1912 1843 1810 1701 1773 1784 1728 1595 1577 1685 1739 1681 1573 1618 1556 1479 1395 1302 1275 1242 1201 1222 1276 1352 1232 1206 1251 1292 1214 1215 1163 1166 1249 1287 1255 1189 1119 1082 1000 932 818 754 557 518 497 463 404 382 335 408 428 361 417 443 480 522 504 516 545 531 
0 523 1272 1462 1497 1567 1813 1899 2057 2182 2502 2730 3180 3240 3322 3319 3442 3501 3676 3730 3786 3892 3935 4049 4030 4076 4066 4114 4152 4167 4201 4240 4254 4225 4213 4212 4191 4164 4129 4093 4060 4035 3958 3972 3939 4036 4067 4074 4040 4047 4048 4138 4151 4101 4050 4121 4080 4110 4108 4068 4104 4051 4042 4024 3976 3991 3984 3904 3900 3906 3837 3870 3847 3832 3671 3609 3552 3502 3447 3435 3510 3452 3426 3483 3486 3480 3399 3425 3358 3305 3164 3121 3080 3098 3197 3191 3248 3234 3153 3167 3223 3181 3122 3113 3031 2940 2887 2861 2807 2736 2664 2689 2673 2725 2817 2855 2880 2929 2923 2863 2719 2582 2534 2591 2553 2539 2429 2379 2282 2227 2176 2112 2114 2040 1949 1831 1575 1488 1385 1471 1439 1295 1219 775 720 704 735 654 667 623 593 568 
0 470 628 748 894 986 1066 1140 1190 1225 1291 1290 1461 1525 1570 1689 1801 1937 2034 2071 2150 2215 2210 2268 2361 2485 2619 2653 2717 2953 3040 3117 3227 3394 3548 3623 3714 3744 3925 3940 3979 4027 4064 4081 4098 4136 4131 4130 4126 4117 4147 4166 4246 4281 4303 4289 4299 4313 4325 4302 4324 4310 4286 4306 4307 4309 4273 4252 4229 4245 4256 4269 4235 4221 4190 4238 4259 4271 4291 4305 4367 4349 4335 4364 4379 4343 4351 4341 4348 4336 4354 4377 4381 4365 4334 4330 4317 4329 4333 4322 4346 4300 4279 4295 4277 4275 4233 4193 4159 4170 4194 4184 4197 4206 4174 4127 4095 4124 4113 4102 4073 3898 3830 3790 3751 3739 3704 3720 3787 3758 3672 3655 3624 3660 3661 3585 3563 3521 3516 3472 3473 3269 3409 3421 3479 3464 3505 3597 3595 3580 3590 3565 3491 3420 3379 3396 3366 3439 3309 3312 3315 3298 3287 3199 3130 3097 3064 3106 3101 3082 3050 2976 2981 2945 2914 2896 2903 2842 2853 2901 2795 2733 2617 2581 2506 2375 2275 2183 1944 1878 1839 1808 1726 1640 1555 1446 1405 1180 1055 944 913 834 590 406 
0 339 562 711 769 933 1020 1032 1042 1111 1099 1178 1228 1320 1357 1496 1563 1611 1627 1715 1785 1874 1982 2047 2193 2357 2410 2565 2568 2636 2634 2632 2676 2755 2750 2796 2797 2764 2819 2834 2872 2881 3003 3087 3163 3118 3215 3239 3273 3323 3292 3362 3384 3398 3451 3440 3462 3485 3476 3445 3467 3493 3568 3617 3541 3531 3594 3607 3656 3715 3732 3770 3782 3819 3724 3662 3611 3550 3625 3639 3682 3688 3700 3788 3844 3912 4000 3973 3966 3936 3828 3845 3867 3903 3808 3810 3821 3800 3863 3884 3930 3963 3992 4018 3997 3970 3982 3987 3990 4046 4087 4089 4118 4079 4128 4154 4189 4196 4237 4270 4276 4274 4296 4304 4292 4272 4244 4262 4232 4207 4163 4150 4158 4085 4057 4032 3986 3950 3978 3938 3953 3921 3879 3866 3893 3843 3840 3813 3795 3848 3915 3924 3981 4023 3951 3946 3918 3852 3861 3858 3899 3807 3762 3718 3722 3749 3768 3723 3629 3567 3616 3558 3573 3498 3436 3416 3296 3250 3169 3126 3051 3086 3109 3128 3058 3005 3038 2989 2991 2980 2944 2916 2948 2950 2900 2829 2809 2771 2677 2583 2607 2493 2384 2352 2202 2068 1983 1884 1749 1660 1617 1554 1258 1050 905 732 658 563 449 384 291 176 157 
0 319 575 750 781 930 965 1183 1410 1562 1609 1647 1734 1917 2028 2102 2220 2392 2433 2546 2601 2748 2812 2871 3060 3148 3144 3233 3343 3423 3453 3540 3601 3664 3725 3778 3750 3805 3827 3816 3850 3885 3917 3926 3968 3993 3933 3931 3989 4014 3943 4001 4028 4019 4006 3960 3983 3941 3877 3916 3822 3780 3694 3779 3765 3705 3644 3605 3654 3678 3712 3793 3766 3735 3679 3638 3589 3560 3532 3418 3373 3160 3145 3176 3171 3141 3185 3220 3114 2888 2808 2713 2716 2698 2523 2317 2320 2249 2307 2292 2224 2248 2328 2369 2549 2744 3066 3072 3023 2977 3014 2960 2889 2876 2791 2788 2743 2639 2440 2394 2130 1936 1857 1678 1588 1482 1380 1063 1006 789 761 674 708 583 601 574 527 493 444 454 457 509 551 573 624 662 629 600 588 555 532 
0 308 377 435 547 578 665 694 739 749 809 805 966 963 1071 1101 1108 1134 1246 1262 1259 1271 1318 1355 1390 1411 1370 1091 1013 959 867 689 612 580 491 464 451 405 386 402 364 326 348 385 407 383 465 496 558 618 680 728 786 870 907 942 1002 1001 997 784 767 895 888 823 742 733 661 625 549 533 495 430 431 440 414 379 343 303 286 323 358 357 442 399 437 510 538 634 664 693 836 878 877 924 994 1123 1264 1333 1391 1499 1503 1452 1456 1458 1442 1515 1648 1697 1926 1956 1995 2103 2100 2023 2059 2137 2162 2178 2127 2207 2287 2353 2547 2670 2710 2810 2852 2933 2905 2949 2919 2922 2827 2765 2712 2642 2590 2552 2494 2574 2580 2533 2464 2419 2335 2257 2241 2237 2277 2260 2206 2111 2115 2117 2155 2083 1961 1962 1892 1809 1745 1727 1695 1610 1671 1708 1657 1644 1620 1630 1767 1711 1661 1624 1682 1815 1943 1980 1964 1853 1732 1604 1619 1607 1544 1501 1533 1518 1367 1327 1103 1073 1037 977 881 745 683 647 456 344 171 97 36 15 4 
0 24 111 162 163 195 220 244 306 327 352 401 474 494 514 544 641 655 880 1030 1041 1081 1133 1184 1217 1200 1227 1177 1172 1207 1185 1165 1147 1145 1122 1093 1136 1152 1168 1221 1286 1331 1407 1484 1560 1722 1758 1795 1971 2084 2201 2219 2345 2378 2438 2432 2535 2635 2705 2891 2927 2962 2994 3063 3155 3271 3317 3391 3365 3411 3526 3599 3587 3635 3622 3681 3717 3761 3842 3864 4010 4065 4083 4134 4187 4162 4094 4062 4038 4005 3964 3944 3956 3920 3865 3777 3692 3669 3627 3702 3759 3803 3849 3902 3833 3781 3643 3546 3591 3569 3527 3489 3431 3434 3395 3348 3297 3251 3174 3129 3074 3006 2966 2930 2772 2718 2678 2647 2646 2611 2524 2468 2412 2356 2171 2139 2109 2011 1984 1978 1864 1861 1804 1803 1652 1650 1608 1546 1485 1422 1323 1237 1205 1113 1070 1022 871 788 806 862 935 914 858 794 766 671 581 569 571 632 636 591 622 592 645 705 765 833 990 1039 1089 1105 1137 1141 1230 1309 1364 1346 1349 1362 1345 1388 1454 1481 1404 1447 1467 1477 1549 1613 1656 1690 1768 1824 1893 1948 2003 1991 1881 1812 1724 1703 1632 1639 1580 1437 1377 1236 1170 1078 1017 987 916 850 726 633 489 299 248 226 201 141 122 84 67 
0 391 560 638 842 887 927 1131 1235 1317 1358 1445 1425 1398 1469 1519 1667 1757 1775 1792 1811 1844 1975 1989 1963 2035 2032 2129 2149 2186 2239 2272 2289 2300 2279 2331 2381 2564 2600 2627 2723 2816 2946 3019 3070 3214 3355 3408 3461 3475 3646 3690 3914 3980 4026 4142 4169 4171 4186 4177 4217 4226 4249 4228 4161 4135 4086 4044 4007 3887 3826 3798 3769 3728 3674 3619 3500 3360 3230 3204 3081 3017 2909 2780 2767 2770 2702 2652 2621 2520 2488 2413 2371 2373 2271 2238 2274 2329 2348 2389 2358 2342 2266 2250 2179 2132 2145 2051 1992 2004 1969 1921 1872 1835 1664 1585 1421 1451 1491 1535 1631 1634 1638 1710 1772 1823 1866 1913 1870 1747 1642 1615 1506 1468 1427 1363 1326 1408 1433 1412 1460 1459 1532 1593 1666 1679 1718 1791 1840 1977 2026 2081 2062 2063 2090 2131 2148 2092 2076 2079 2050 2105 2181 2164 2198 2138 1988 1947 1951 1897 1875 1805 1790 1659 1596 1561 1489 1453 1365 1135 1077 1025 991 954 921 792 747 663 597 642 670 716 712 666 620 554 511 505 535 550 479 490 472 458 419 420 403 359 305 238 237 184 200 199 198 174 142 134 136 132 124 106 86 90 77 66 70 58 56 68 92 83 62 72 76 40 9 
0 52 79 80 95 129 143 203 246 247 278 294 366 355 434 448 469 475 478 446 421 436 427 572 603 542 556 617 657 756 785 795 817 779 773 774 802 820 798 876 915 979 939 922 852 848 896 946 950 1033 1124 1149 1234 1289 1319 1340 1490 1641 1774 1826 1932 2031 2091 2118 2123 2124 2104 2161 2218 2214 2234 2203 2286 2385 2398 2363 2304 2341 2355 2387 2422 2418 2333 2316 2326 2269 2209 2191 2244 2225 2240 2255 2344 2416 2471 2527 2592 2746 2789 2849 2830 2885 2911 2938 3013 2942 2895 2965 3032 3094 3020 3025 3099 3131 3217 3212 3257 3272 3324 3328 3266 3231 3224 3288 3377 3432 3539 3520 3517 3542 3511 3454 3378 3350 3332 3371 3413 3444 3523 3582 3545 3577 3606 3640 3659 3687 3721 3736 3698 3713 3673 3666 3693 3651 3602 3570 3530 3482 3455 3460 3459 3474 3430 3386 3330 3280 3235 3232 3261 3307 3289 3301 3381 3397 3406 3415 3346 3283 3249 3310 3363 3402 3428 3515 3456 3438 3407 3382 3339 3321 3274 3221 3262 3206 3138 3068 2987 2915 2878 2873 2846 2831 2870 2862 2779 2857 2879 2847 2833 2747 2763 2727 2687 2624 2609 2508 2455 2439 2417 2407 2423 2462 2473 2516 2543 2545 2487 2458 2406 2382 2334 2299 2354 2322 2288 2245 2188 2064 2020 2042 1891 1858 1802 1676 1582 1527 1476 1538 1473 1415 1392 1281 1196 1107 1044 980 928 886 787 616 360 324 236 158 127 110 
0 71 94 145 170 209 270 292 396 487 553 652 751 796 838 937 1084 1159 1278 1375 1379 1474 1524 1552 1680 1720 1777 1829 1814 1765 1744 1782 1817 1871 1852 1895 1990 1953 1994 1985 2070 2108 2192 2308 2311 2347 2368 2443 2498 2559 2649 2665 2696 2753 2714 2690 2668 2720 2616 2575 2659 2715 2782 2825 2839 2882 2972 3026 3100 3116 3124 3139 3168 3202 3178 3146 3159 3157 3095 3092 3062 2996 2979 3119 3177 3225 3253 3316 3372 3404 3488 3537 3555 3495 3559 3578 3561 3551 3566 3612 3645 3683 3684 3657 3675 3716 3776 3755 3756 3801 3908 3886 3882 3901 3954 3998 4029 4021 4020 4009 4016 3945 3927 3880 3868 3820 3783 3727 3710 3667 3614 3648 3668 3626 3642 3658 3579 3583 3518 3463 3367 3368 3311 3294 3268 3188 3142 3033 3056 3037 2973 2968 2932 2963 2924 3010 3043 3076 3096 3209 3222 3290 3325 3354 3302 3218 3102 3030 2997 2926 2864 2815 2761 2709 2645 2661 2630 2541 2531 2475 2445 2450 2400 2349 2321 2301 2246 2175 2163 2166 2168 2169 2200 2283 2262 2231 2159 2095 2013 1960 1915 1868 1834 1800 1748 1725 1702 1629 1571 1586 1583 1581 1693 1673 1651 1591 1665 1737 1662 1643 1537 1493 1382 1301 1247 1198 1191 1153 1038 1035 988 981 978 938 860 845 755 752 688 649 576 610 570 283 285 267 

the actuall costs is 12630.1
the using frequency of each operators in EAX is following
the percentage of or-insert is 0.480042
the percentage of or-swap is 0.519958
all percentage of each operator is following 
0.464657  0.0124031  0.00202116  0.000629542  0.000231937  6.62676e-05  3.31338e-05  
0.209649  0.0487729  0.0110667  0.00319189  0.000994014  0.000375516  0.000209847  
0.0275452  0.0423892  0.0161693  0.00610766  0.00262861  0.00121491  0.000651631  
0.00540081  0.0200018  0.0147224  0.00822823  0.0046056  0.00230832  0.00128117  
0.00140266  0.00838285  0.00884672  0.00834972  0.00563275  0.00330233  0.0021537  
0.000508052  0.00369994  0.00515783  0.0063396  0.00536767  0.00448411  0.00353427  
0.000198803  0.00189967  0.00349009  0.00467186  0.00524618  0.00502529  0.00474918  


