the best solution's fitness is 
1554.64
the time when getting the optimal solution is 
360
the sequence of best solution is following
0 97 102 96 74 64 54 49 134 69 107 18 98 113 101 136 131 84 141 17 142 99 4 106 94 81 
0 47 112 148 124 149 114 44 70 43 63 111 135 122 73 12 105 90 118 67 127 3 103 21 61 2 72 75 86 
0 133 108 52 35 60 10 68 117 23 11 42 
0 62 120 78 58 14 132 76 121 13 79 71 48 146 143 144 30 26 128 22 37 31 66 137 53 32 125 123 
0 29 9 93 87 20 77 15 110 104 91 45 24 109 80 28 85 57 140 82 55 25 145 
0 95 51 129 147 126 
0 83 7 88 34 92 50 39 138 119 41 8 27 5 36 1 46 19 89 6 
0 16 
0 130 116 139 40 100 
0 33 59 65 56 38 115 

the actuall costs is 1554.64
the using frequency of each operators in EAX is following
the percentage of or-insert is 0.450956
the percentage of or-swap is 0.549044
all percentage of each operator is following 
0.387781  0.0473815  0.0108063  0.00290939  0.00166251  0  0.000415628  
0.176226  0.0727348  0.00955943  0.00415628  0.00374065  0.000415628  0.000415628  
0.0415628  0.0436409  0.0182876  0.0112219  0.00374065  0.00124688  0.00166251  
0.014547  0.0199501  0.0141313  0.00789692  0.00374065  0.00290939  0.00124688  
0.00249377  0.00997506  0.00789692  0.00914381  0.00415628  0.00332502  0.00166251  
0.00249377  0.00789692  0.00914381  0.00540316  0.00290939  0.00249377  0.00415628  
0.00124688  0.00374065  0.00207814  0.00498753  0.00290939  0.00374065  0.00415628  


