the best solution's fitness is 
1741.71
the time when getting the optimal solution is 
360
the sequence of best solution is following
0 97 102 6 96 74 82 140 57 54 49 134 69 107 85 28 18 98 113 101 136 131 64 84 141 17 142 99 4 106 94 81 
0 83 88 34 92 125 32 91 53 45 137 50 52 39 138 46 119 41 8 27 5 36 1 80 109 19 24 89 55 25 145 123 7 
0 120 78 77 79 13 71 48 146 143 128 26 116 139 16 65 59 56 40 37 22 31 76 132 15 
0 47 112 9 93 87 20 63 111 135 144 30 122 73 12 105 90 118 67 127 44 70 43 114 149 3 103 21 124 148 61 2 72 75 86 
0 33 62 58 14 121 130 66 115 100 38 129 147 10 60 35 68 126 117 23 11 42 108 133 104 110 51 95 29 

the actuall costs is 1741.71
the using frequency of each operators in EAX is following
the percentage of or-insert is 0.519736
the percentage of or-swap is 0.480264
all percentage of each operator is following 
0.474733  0.0379509  0.00543524  0.0012331  0.000203522  0.000107747  7.18313e-05  
0.199619  0.0552622  0.0134923  0.0041303  0.00112536  0.000227466  2.39438e-05  
0.0300255  0.0376875  0.0160304  0.00627327  0.00239438  0.000706342  0.000179578  
0.00533946  0.017048  0.0105832  0.0066444  0.00436974  0.0014486  0.000610566  
0.00173592  0.00653665  0.00811694  0.00422608  0.00420213  0.00266973  0.00192747  
0.00044296  0.00265776  0.00550707  0.00462115  0.00299297  0.00258593  0.00243029  
0.000239438  0.000838032  0.00227466  0.00425002  0.0033641  0.0030648  0.00235846  


