the best solution's fitness is 
2407.34
the time when getting the optimal solution is 
360
the sequence of best solution is following
0 97 29 62 112 9 93 87 120 78 58 15 132 76 121 13 79 14 77 20 63 111 135 144 71 48 146 143 128 26 30 122 73 12 105 90 118 67 127 44 70 43 114 149 3 103 21 124 148 61 2 47 72 75 86 
0 123 145 25 55 82 140 57 54 49 134 69 107 85 28 80 109 46 119 138 52 39 41 8 27 5 36 1 18 98 113 101 136 131 64 84 141 17 74 96 142 99 4 106 94 81 
0 33 95 51 110 104 130 31 22 37 66 115 100 38 56 40 116 139 59 65 16 129 147 10 60 35 68 126 117 23 11 42 108 50 19 24 89 45 137 133 53 91 32 125 92 34 88 7 83 6 102 

the actuall costs is 2407.34
the using frequency of each operators in EAX is following
the percentage of or-insert is 0.516055
the percentage of or-swap is 0.483945
all percentage of each operator is following 
0.482265  0.0305968  0.00276036  0.00038246  3.32574e-05  1.66287e-05  0  
0.189334  0.060595  0.0130203  0.00294328  0.000448975  0.000199544  3.32574e-05  
0.0271713  0.042187  0.0187073  0.00688428  0.00192893  0.000648519  0.000116401  
0.00412392  0.0181253  0.01751  0.00907927  0.0034754  0.00172938  0.000565376  
0.000698405  0.00558724  0.00794852  0.00796515  0.00445649  0.00211184  0.00166287  
0.000216173  0.00131367  0.00360843  0.00443986  0.00354191  0.00307631  0.00251093  
3.32574e-05  0.000482232  0.00171276  0.00300979  0.0038246  0.00310957  0.00380797  


