the best solution's fitness is 
1554.64
the time when getting the optimal solution is 
1
the sequence of best solution is following
0 97 41 5 1 28 57 24 74 25 
0 102 33 94 83 95 100 37 48 121 
0 75 72 40 22 31 130 133 140 
0 122 73 90 43 149 20 78 58 87 93 
0 62 71 111 135 144 127 118 44 
0 16 
0 139 56 115 66 
0 106 116 26 
0 51 15 110 21 148 2 47 
0 39 23 108 124 9 
0 30 
0 120 91 45 35 145 
0 141 17 54 64 142 4 99 
0 7 34 134 136 69 101 131 29 
0 60 10 117 50 
0 147 129 38 
0 146 13 132 14 77 
0 104 67 12 103 
0 109 46 8 
0 126 11 143 
0 53 125 32 119 27 82 
0 113 107 18 98 
0 36 55 84 
0 63 80 85 6 
0 123 89 137 3 61 86 
0 128 59 65 
0 19 138 52 42 79 114 112 
0 49 92 81 
0 105 70 88 
0 76 68 96 

the actuall costs is 1554.64
the using frequency of each operators in EAX is following
the percentage of or-insert is 0.386139
the percentage of or-swap is 0.613861
all percentage of each operator is following 
0.336634  0.049505  0  0  0  0  0  
0.227723  0.0693069  0.00990099  0  0  0  0  
0.029703  0.039604  0.029703  0.00990099  0  0  0.00990099  
0.019802  0.019802  0.019802  0.00990099  0  0  0  
0.00990099  0.029703  0  0.00990099  0.00990099  0  0  
0  0.039604  0.019802  0  0  0  0  
0  0  0  0  0  0  0  


