the best solution's fitness is 
1554.64
the time when getting the optimal solution is 
360
the sequence of best solution is following
0 86 29 33 7 95 92 51 32 55 74 84 64 54 140 89 145 125 
0 75 72 47 111 63 135 12 105 73 122 78 
0 81 94 142 136 107 18 28 80 106 
0 44 70 43 26 128 146 77 96 
0 76 79 3 103 21 148 149 127 114 124 2 
0 5 8 36 17 34 102 
0 139 30 
0 83 134 101 98 41 39 11 108 
0 16 
0 130 37 40 56 65 59 143 48 
0 67 118 90 50 
0 120 87 31 133 137 109 24 
0 35 60 10 68 126 117 52 
0 115 42 121 13 14 93 20 61 62 
0 123 88 58 15 132 66 100 116 22 
0 9 138 46 1 57 104 110 
0 147 129 38 
0 49 85 69 119 19 53 91 45 25 
0 27 113 131 141 99 4 6 
0 82 23 71 144 112 97 

the actuall costs is 1554.64
the using frequency of each operators in EAX is following
the percentage of or-insert is 0.419718
the percentage of or-swap is 0.580282
all percentage of each operator is following 
0.408451  0.0112676  0  0  0  0  0  
0.180282  0.0647887  0.0112676  0  0  0  0  
0.0225352  0.0704225  0.0084507  0  0.0028169  0.0084507  0  
0.0112676  0.0225352  0.0140845  0.0169014  0.0056338  0.0084507  0  
0  0.0197183  0.0197183  0.0056338  0  0.0056338  0.0084507  
0.0028169  0.0112676  0.0056338  0.0140845  0.0056338  0.0084507  0  
0  0  0.0056338  0.0084507  0.0028169  0.0084507  0  


