the best solution's fitness is 
6223.22
the time when getting the optimal solution is 
480
the sequence of best solution is following
0 144 146 162 92 174 18 98 189 109 17 48 45 171 31 198 77 8 81 117 36 183 28 
0 84 122 12 88 137 25 135 60 23 120 158 173 110 116 52 
0 190 161 63 185 46 111 7 21 145 113 142 24 16 89 33 
0 26 61 184 5 150 76 105 148 100 
0 59 127 166 40 72 68 141 188 179 130 2 58 
0 131 64 79 124 180 172 1 160 29 163 20 168 67 34 
0 175 
0 71 85 4 136 42 104 55 151 70 
0 108 38 87 27 97 102 128 133 126 54 134 41 19 
0 156 30 176 14 197 78 154 182 106 119 74 
0 194 181 93 49 
0 132 112 94 167 
0 90 69 143 149 75 101 153 139 22 
0 39 91 35 44 103 47 73 56 107 99 155 32 191 3 
0 11 192 114 159 66 186 
0 118 96 80 196 125 86 165 83 51 169 43 62 178 15 
0 138 195 177 199 140 
0 170 57 147 37 129 82 53 157 
0 6 123 
0 187 50 152 65 115 193 121 10 164 95 13 9 

the actuall costs is 6223.22
the using frequency of each operators in EAX is following
the percentage of or-insert is 0.394299
the percentage of or-swap is 0.605701
all percentage of each operator is following 
0.37886  0.0154394  0  0  0  0  0  
0.184086  0.0522565  0.0166271  0.00118765  0.0023753  0.00118765  0  
0.0356295  0.0605701  0.0249406  0.00712589  0.0023753  0.00356295  0.00356295  
0.0118765  0.04038  0.0178147  0.0106888  0.00356295  0.00356295  0  
0.00831354  0.0142518  0.0130641  0.0166271  0.00356295  0.0023753  0.0023753  
0.00118765  0.00475059  0.00593824  0.00593824  0.00475059  0.0023753  0.00356295  
0  0.00712589  0.00475059  0.00593824  0.00475059  0.00831354  0.0023753  


