the best solution's fitness is 
6223.22
the time when getting the optimal solution is 
480
the sequence of best solution is following
0 12 78 176 64 79 160 124 180 1 34 168 67 29 58 2 72 188 130 179 141 68 107 191 3 100 146 39 84 
0 11 162 92 105 148 98 13 35 56 73 99 155 32 44 118 65 152 43 187 193 50 15 117 123 137 8 77 81 6 198 25 60 135 31 23 158 
0 192 127 157 76 184 49 177 151 55 27 38 128 133 21 74 126 185 
0 144 46 156 108 82 61 71 138 85 136 42 104 4 195 37 70 129 106 30 66 
0 114 116 173 120 171 28 183 36 178 62 115 121 169 47 83 10 51 86 125 95 165 164 103 96 80 196 174 9 91 18 189 48 17 109 45 110 
0 190 186 5 53 93 194 181 90 149 172 
0 52 59 166 40 88 153 20 139 163 101 69 75 143 22 150 14 122 197 26 131 
0 175 
0 63 19 54 41 134 16 24 142 89 33 57 140 170 199 147 87 97 113 102 145 7 182 154 111 119 161 159 
0 167 94 132 112 

the actuall costs is 6223.22
the using frequency of each operators in EAX is following
the percentage of or-insert is 0.44695
the percentage of or-swap is 0.55305
all percentage of each operator is following 
0.360601  0.064674  0.0132844  0.00559343  0.00192274  0.000873973  0  
0.170949  0.0634504  0.0166055  0.0066422  0.00384548  0.00192274  0.000174795  
0.0403776  0.0409019  0.0183534  0.00873973  0.00402028  0.00244712  0.00174795  
0.0148575  0.0228981  0.013634  0.00769096  0.00489425  0.00262192  0.00139836  
0.00506904  0.0115364  0.00839014  0.00594302  0.00384548  0.00244712  0.00262192  
0.00279671  0.00804055  0.00454466  0.00611781  0.00454466  0.00454466  0.00297151  
0.00384548  0.0096137  0.00489425  0.00367069  0.0033211  0.00262192  0.00349589  


