the best solution's fitness is 
10748.1
the time when getting the optimal solution is 
480
the sequence of best solution is following
0 84 144 122 14 78 159 161 63 19 54 41 134 185 126 111 154 182 74 133 21 7 16 24 142 89 33 102 145 128 113 97 57 140 170 199 87 147 27 38 37 70 129 71 82 61 184 167 34 1 180 124 160 76 157 79 150 186 53 5 108 106 156 119 46 30 66 64 176 12 197 26 190 131 
0 52 110 11 162 92 105 148 189 48 17 109 28 183 36 178 152 65 118 18 98 91 9 174 191 13 35 56 73 99 155 32 44 196 80 96 103 164 165 95 125 86 51 10 83 47 169 121 115 187 43 62 193 50 15 117 123 137 8 77 81 6 198 25 60 135 31 23 171 45 120 173 158 116 114 
0 192 127 166 29 67 168 22 172 149 90 93 94 49 138 85 195 55 151 177 4 104 42 136 132 175 112 194 181 75 69 143 101 163 139 20 153 88 40 58 2 72 188 130 179 141 68 107 59 100 3 146 39 

the actuall costs is 10748.1
the using frequency of each operators in EAX is following
the percentage of or-insert is 0.525746
the percentage of or-swap is 0.474254
all percentage of each operator is following 
0.484942  0.0366369  0.00356915  0.000501611  7.71709e-05  1.92927e-05  0  
0.161808  0.0620261  0.0131383  0.00401289  0.00100322  0.000173635  3.85855e-05  
0.0285147  0.0402253  0.0174792  0.00754346  0.00335693  0.000887466  0.000173635  
0.00416723  0.0164181  0.0121351  0.00837304  0.00659811  0.00353057  0.00115756  
0.00154342  0.00800648  0.00926051  0.00540196  0.00457238  0.00407077  0.00206432  
0.000192927  0.00246947  0.00698397  0.00480389  0.00409006  0.00351128  0.00256593  
5.78782e-05  0.000926051  0.0031833  0.00472672  0.00414794  0.00501611  0.00389713  


