the best solution's fitness is 
7418.87
the time when getting the optimal solution is 
480
the sequence of best solution is following
0 173 120 171 45 48 17 109 28 183 36 178 65 152 47 165 164 95 125 86 51 10 83 169 121 115 187 43 62 193 50 15 117 123 137 8 77 81 6 198 25 60 135 31 23 158 
0 39 146 3 100 59 58 2 72 188 130 179 141 68 107 191 13 35 56 73 99 155 32 44 196 80 96 103 118 91 9 174 98 18 189 148 105 92 162 11 110 116 114 
0 52 84 197 64 186 150 79 160 124 180 1 34 167 184 49 138 85 94 93 75 69 143 101 163 139 20 153 88 40 166 127 192 26 190 
0 131 157 76 29 67 168 22 172 149 90 181 194 112 175 132 136 42 104 4 195 177 151 55 37 70 129 71 82 61 53 5 30 66 176 12 14 
0 144 63 19 41 134 185 126 111 154 182 7 16 24 142 89 33 57 140 170 199 147 27 38 87 97 113 102 145 128 133 21 74 108 106 156 46 119 54 161 159 78 122 

the actuall costs is 7418.87
the using frequency of each operators in EAX is following
the percentage of or-insert is 0.545531
the percentage of or-swap is 0.454469
all percentage of each operator is following 
0.490242  0.047904  0.00620541  0.000943341  0.000191616  4.42191e-05  0  
0.193178  0.0592683  0.0134868  0.00324273  0.000560108  8.84382e-05  4.42191e-05  
0.0359943  0.0339308  0.0135016  0.0050115  0.00184246  0.000574848  0.000265315  
0.00726667  0.0159484  0.00930075  0.00492306  0.00305112  0.00150345  0.000840163  
0.00104652  0.00555687  0.00532103  0.00397972  0.00291846  0.00190142  0.00128235  
0.000294794  0.00196038  0.00341961  0.00311008  0.00250575  0.002152  0.00201934  
4.42191e-05  0.000899122  0.00221095  0.00269736  0.00253523  0.00272684  0.00206356  


