the best solution's fitness is 
9731.17
the time when getting the optimal solution is 
763
the sequence of best solution is following
0 8 37 144 149 152 154 159 280 277 276 273 278 282 279 283 284 290 289 285 281 286 288 293 292 291 287 174 177 180 184 183 181 176 163 
0 14 102 19 22 27 26 23 18 15 17 16 4 3 105 106 110 111 114 115 119 116 124 207 125 126 133 134 135 136 33 34 36 41 40 42 45 43 46 50 53 56 51 52 57 61 62 69 68 73 74 80 72 75 79 85 83 78 76 71 63 104 55 49 47 44 103 32 29 28 21 20 10 9 6 5 1 
0 137 140 146 150 147 145 148 151 155 158 161 209 171 172 175 65 89 88 98 97 92 101 100 96 95 91 90 84 82 81 77 70 67 66 58 54 48 316 315 39 31 30 
0 2 7 13 12 127 132 123 120 121 139 138 241 240 239 238 231 230 224 312 229 232 237 242 313 253 256 261 255 252 250 251 246 245 235 234 227 226 225 236 233 228 221 215 216 219 220 117 118 113 112 107 
0 11 24 25 38 153 160 166 167 170 169 294 295 298 299 308 307 302 301 198 199 194 193 190 188 189 187 186 182 64 59 35 
0 208 304 303 296 297 
0 309 
0 156 157 162 165 164 268 314 271 272 275 274 270 269 317 267 262 260 257 254 249 142 130 129 122 131 128 
0 168 173 178 179 185 192 191 300 305 306 310 311 204 203 202 197 195 196 200 201 205 206 99 94 93 87 86 60 
0 141 143 258 259 264 265 266 263 248 247 244 243 223 222 213 214 218 217 212 210 211 108 109 

the actuall costs is 9731.17
the using frequency of each operators in EAX is following
the percentage of or-insert is 0.420989
the percentage of or-swap is 0.579011
all percentage of each operator is following 
0.365717  0.0413927  0.00803506  0.00267835  0.00170441  0.000973947  0.000486973  
0.16898  0.0623326  0.0214268  0.00486973  0.00243487  0.00146092  0.000486973  
0.0353056  0.0513757  0.0219138  0.00779158  0.00413927  0.00340881  0.00170441  
0.0102264  0.0238617  0.017531  0.0107134  0.00511322  0.00243487  0.00170441  
0.00584368  0.0133918  0.00949598  0.0102264  0.00511322  0.00413927  0.00292184  
0.00340881  0.00584368  0.00608717  0.00511322  0.00681763  0.0036523  0.00243487  
0.00194789  0.00560019  0.00657414  0.00608717  0.00486973  0.00535671  0.00486973  


