the best solution's fitness is 
9731.17
the time when getting the optimal solution is 
763
the sequence of best solution is following
0 15 231 232 236 234 235 227 233 229 312 230 224 221 219 220 211 210 215 216 108 109 13 119 125 133 134 137 132 127 116 114 8 7 2 
0 291 292 294 293 288 286 289 285 273 265 264 257 226 225 228 237 239 240 138 139 129 130 123 128 124 207 
0 5 6 1 9 102 31 20 27 32 68 80 89 97 95 92 96 101 100 91 85 75 72 76 66 67 70 63 71 78 77 81 82 
0 19 23 22 21 30 253 260 252 250 255 261 267 262 266 314 263 256 259 254 258 249 142 143 147 
0 3 4 105 107 112 113 131 140 145 141 120 122 121 118 117 217 218 212 
0 191 301 300 302 307 308 306 305 204 311 310 192 
0 45 42 40 50 55 56 51 52 46 103 36 59 160 159 149 152 154 153 144 41 35 17 24 34 33 37 38 
0 208 146 148 151 155 163 166 174 165 277 276 281 287 280 170 169 136 135 126 
0 180 176 172 175 185 179 184 177 183 186 181 171 167 157 150 156 162 173 178 16 
0 278 283 279 303 304 299 298 295 
0 48 39 44 315 58 316 47 49 54 104 53 43 26 11 83 84 
0 244 248 247 243 222 213 214 223 
0 12 317 269 270 275 274 272 271 164 
0 309 
0 284 282 290 296 297 
0 188 195 99 205 206 200 201 197 189 196 86 93 182 115 110 106 
0 18 25 209 158 161 168 198 199 203 193 202 190 194 
0 111 268 241 242 313 245 251 246 238 
0 10 28 29 187 64 69 65 74 79 73 88 98 60 62 61 57 14 
0 94 87 90 

the actuall costs is 9731.17
the using frequency of each operators in EAX is following
the percentage of or-insert is 0.416667
the percentage of or-swap is 0.583333
all percentage of each operator is following 
0.392655  0.0211864  0.00282486  0  0  0  0  
0.14548  0.0572034  0.00988701  0.00564972  0.00353107  0  0.000706215  
0.0367232  0.0543785  0.0233051  0.00847458  0.00706215  0.00211864  0  
0.0155367  0.0289548  0.0190678  0.00635593  0.00423729  0.00423729  0.00141243  
0.00706215  0.0162429  0.0105932  0.00988701  0.0112994  0.0049435  0.000706215  
0.00282486  0.0155367  0.00918079  0.0049435  0.00918079  0.00211864  0.00282486  
0.000706215  0.00776836  0.00776836  0.00847458  0.00635593  0.00564972  0.0049435  


