the best solution's fitness is 
11295.2
the time when getting the optimal solution is 
763
the sequence of best solution is following
0 6 20 21 28 29 30 31 39 44 43 46 50 53 56 104 63 71 76 78 85 79 75 72 68 69 73 74 80 88 89 87 86 189 187 186 182 188 197 195 196 200 201 205 206 99 93 94 98 97 92 101 100 96 95 91 90 84 83 82 81 77 70 67 66 58 55 54 49 47 48 316 315 10 9 5 
0 1 14 102 19 22 27 32 103 40 42 45 51 52 57 61 62 65 64 175 172 171 176 181 183 190 193 194 202 203 199 198 204 311 310 306 305 301 300 294 292 291 287 280 277 276 281 286 288 282 285 289 290 284 283 279 278 273 268 164 165 162 161 158 152 149 144 33 34 16 
0 15 17 24 25 36 38 37 153 154 159 160 209 166 167 170 169 293 295 298 299 297 296 303 304 309 308 307 302 191 192 174 173 178 179 185 184 180 177 168 163 59 60 41 35 26 23 18 11 
0 2 7 8 4 3 110 111 114 115 116 123 128 131 130 129 122 120 121 118 117 219 220 224 221 228 233 236 225 226 227 234 235 245 246 251 250 252 255 261 262 267 266 263 260 256 253 313 242 237 232 229 312 230 231 238 239 240 241 138 139 146 145 147 150 156 157 155 151 148 208 136 135 134 133 126 125 119 12 13 
0 106 105 107 112 113 109 108 216 215 211 210 212 217 218 214 213 222 223 243 244 247 248 317 269 270 274 275 272 271 314 265 264 259 257 254 258 249 142 143 141 140 137 132 127 124 207 

the actuall costs is 11295.2
the using frequency of each operators in EAX is following
the percentage of or-insert is 0.581982
the percentage of or-swap is 0.418018
all percentage of each operator is following 
0.514008  0.0520809  0.0109862  0.00355384  0.00102827  0.000252557  7.21592e-05  
0.160753  0.0456407  0.0139267  0.00384248  0.00124475  0.000360796  0.000198438  
0.0241553  0.028575  0.0146664  0.00611549  0.00216478  0.00120867  0.000523154  
0.00705356  0.015424  0.0130067  0.00683708  0.00292245  0.0015875  0.000685512  
0.00218282  0.00609745  0.00717984  0.0074324  0.00413111  0.00209262  0.00122671  
0.000775711  0.00232713  0.00322912  0.00328324  0.00414915  0.00342756  0.00142514  
0.000270597  0.00193026  0.00182202  0.00234517  0.00364404  0.00485271  0.00330128  


