the best solution's fitness is 
15902.5
the time when getting the optimal solution is 
763
the sequence of best solution is following
0 2 7 8 13 12 114 115 119 116 123 128 131 120 121 122 129 130 140 141 143 142 139 138 241 240 239 238 231 230 312 224 221 229 232 237 242 236 233 228 225 226 227 234 235 246 245 313 249 258 254 257 259 264 265 266 263 260 256 253 250 251 252 255 261 262 267 272 271 273 314 268 164 165 174 173 178 179 185 184 180 177 183 181 176 168 209 163 160 159 154 152 149 144 208 137 132 127 124 207 125 126 133 134 135 136 33 34 16 15 17 24 25 23 18 19 
0 102 22 27 32 103 44 47 49 54 55 56 53 50 46 43 40 41 42 45 51 52 57 61 62 60 59 65 64 171 172 175 182 186 187 189 188 190 193 194 192 191 300 301 305 306 310 311 204 198 199 203 202 197 200 201 205 206 99 94 93 196 195 86 87 89 88 98 97 92 101 100 96 95 91 90 84 83 82 81 77 70 67 66 71 76 78 85 79 75 72 80 74 73 69 68 63 104 58 316 315 48 39 31 30 29 28 21 20 14 10 9 6 5 1 
0 4 3 111 110 106 105 107 112 113 118 117 220 219 216 215 109 108 211 210 212 217 218 214 213 222 223 243 244 247 248 317 269 270 274 275 296 297 303 304 309 308 307 302 298 299 290 284 283 279 278 282 285 289 295 288 286 281 293 294 292 291 287 280 277 276 169 170 167 166 162 157 156 150 147 146 145 148 151 155 158 161 153 37 38 36 35 26 11 

the actuall costs is 15902.5
the using frequency of each operators in EAX is following
the percentage of or-insert is 0.592949
the percentage of or-swap is 0.407051
all percentage of each operator is following 
0.520219  0.0537246  0.013544  0.00331076  0.00150489  0.000515963  0.000128991  
0.142191  0.0491239  0.0183812  0.00677201  0.00294529  0.000859938  0.000451467  
0.0276685  0.0249597  0.0152854  0.00621305  0.00326776  0.00124691  0.000580458  
0.0097173  0.0170268  0.0114372  0.00662152  0.00266581  0.00156939  0.000859938  
0.00389122  0.00713748  0.00672901  0.00496614  0.00294529  0.00167688  0.00148339  
0.00152639  0.00481565  0.00309578  0.00255831  0.00189186  0.00180587  0.00105342  
0.000709449  0.00292379  0.00214984  0.00180587  0.00178437  0.0013544  0.000902935  


