the best solution's fitness is 
5246.49
the time when getting the optimal solution is 
360
the sequence of best solution is following
0 66 64 100 102 95 106 54 
0 109 145 16 51 82 114 33 148 50 
0 131 91 79 7 132 121 88 30 137 147 141 107 57 
0 134 111 13 99 40 26 61 70 116 
0 146 12 75 32 81 115 72 68 2 
0 1 125 94 36 29 49 43 
0 80 105 21 4 139 60 
0 9 23 15 17 37 110 35 130 
0 8 11 119 42 127 47 120 24 
0 74 18 52 69 93 136 89 5 48 78 
0 58 87 25 83 126 14 
0 41 138 118 117 128 123 129 27 
0 46 31 20 101 98 103 71 112 
0 34 19 6 22 149 44 90 85 59 76 
0 124 77 38 84 67 144 
0 133 65 3 96 142 
0 56 104 135 28 86 
0 140 62 10 108 73 113 97 
0 55 
0 92 63 39 53 143 45 122 

the actuall costs is 5246.49
the using frequency of each operators in EAX is following
the percentage of or-insert is 0.430245
the percentage of or-swap is 0.569755
all percentage of each operator is following 
0.4164  0.0127796  0.00106496  0  0  0  0  
0.200213  0.0521832  0.0117146  0.00212993  0.00106496  0  0  
0.0340788  0.0500532  0.0191693  0.0117146  0.00425985  0.00106496  0  
0.0117146  0.0404686  0.0170394  0.00958466  0.00532481  0.00106496  0.00106496  
0.00425985  0.0149095  0.00958466  0.0138445  0.00745474  0.00106496  0.00106496  
0.00106496  0.00425985  0.00425985  0.00212993  0.00532481  0.00532481  0.00425985  
0  0.00212993  0.00425985  0.00319489  0.00319489  0.00212993  0.00212993  


