the best solution's fitness is 
6358.49
the time when getting the optimal solution is 
240
the sequence of best solution is following
0 77 32 85 95 15 62 5 39 82 2 14 83 
0 31 89 88 10 22 35 6 74 66 28 57 21 69 16 
0 71 30 75 56 44 67 13 64 98 79 68 
0 49 80 87 78 12 33 37 51 7 65 45 60 73 41 97 48 96 93 
0 72 38 34 29 1 99 18 50 3 42 76 90 53 40 
0 94 
0 92 61 36 47 91 4 52 59 43 70 23 
0 55 20 
0 26 58 46 27 11 81 
0 54 86 25 9 8 24 19 17 84 63 

the actuall costs is 6358.49
the using frequency of each operators in EAX is following
the percentage of or-insert is 0.434783
the percentage of or-swap is 0.565217
all percentage of each operator is following 
0.379863  0.0389016  0.0114416  0  0  0.00228833  0.00228833  
0.15103  0.0640732  0.02746  0.0114416  0.00228833  0  0.00228833  
0.0549199  0.0503432  0.020595  0.01373  0  0  0  
0.0114416  0.0343249  0.00457666  0.00457666  0.00228833  0.00457666  0  
0.00457666  0.01373  0.00457666  0.00228833  0.00457666  0.00457666  0.00228833  
0.00228833  0.00686499  0.00457666  0.00457666  0.00686499  0.00457666  0  
0.00228833  0.01373  0.00686499  0.00686499  0.00457666  0.00228833  0.00228833  


