the best solution's fitness is 
6765.73
the time when getting the optimal solution is 
240
the sequence of best solution is following
0 49 93 31 96 97 48 69 88 89 16 10 22 41 21 57 28 35 66 74 6 73 60 51 7 65 37 33 
0 12 78 53 90 76 63 2 82 39 84 85 64 13 67 32 44 98 77 30 56 71 79 75 45 80 
0 72 52 4 54 86 25 94 55 19 24 17 15 
0 68 95 81 46 11 27 20 9 8 5 58 62 14 83 
0 87 70 92 34 29 99 1 47 91 18 50 36 61 59 43 3 42 38 40 23 26 

the actuall costs is 6765.73
the using frequency of each operators in EAX is following
the percentage of or-insert is 0.510661
the percentage of or-swap is 0.489339
all percentage of each operator is following 
0.42491  0.0672334  0.0135468  0.00320517  0.0011769  0.000425686  0.000162762  
0.160634  0.0568542  0.0187552  0.00654806  0.00237884  0.000901454  0.000262924  
0.0355073  0.0351191  0.0174031  0.00847617  0.00385622  0.00162762  0.000926494  
0.0103918  0.0215097  0.0126704  0.00836349  0.00449475  0.00257916  0.0014273  
0.00326777  0.00981583  0.00871405  0.00672334  0.00380614  0.00259168  0.00174031  
0.0013021  0.00485783  0.00530856  0.0042193  0.00364337  0.00245396  0.00177787  
0.00066357  0.00299233  0.0036559  0.00388126  0.00302989  0.00236632  0.00184047  


