the best solution's fitness is 
8477.96
the time when getting the optimal solution is 
360
the sequence of best solution is following
0 139 134 54 111 106 38 95 29 47 56 86 120 77 80 21 105 124 28 104 135 61 51 26 40 99 13 45 33 116 50 
0 76 44 97 14 113 10 108 90 85 59 6 22 149 34 8 119 11 42 145 16 70 82 127 122 114 148 19 109 
0 27 129 78 131 112 9 89 23 17 15 37 35 110 98 101 25 87 103 58 83 73 62 140 126 20 71 31 46 130 
0 60 24 144 67 84 49 146 36 4 102 100 66 55 64 75 32 12 94 125 81 115 43 72 68 63 143 1 53 39 92 2 107 
0 147 137 132 88 30 121 41 7 138 96 142 118 117 128 65 3 52 123 69 93 136 133 18 74 48 5 91 79 141 57 

the actuall costs is 8477.96
the using frequency of each operators in EAX is following
the percentage of or-insert is 0.503189
the percentage of or-swap is 0.496811
all percentage of each operator is following 
0.48371  0.0183411  0.00104806  7.48615e-05  1.49723e-05  0  0  
0.187423  0.0482108  0.00546489  0.000568947  0.000134751  0  0  
0.0216499  0.0488546  0.0200629  0.00411738  0.000733643  0.000104806  0  
0.00214104  0.0198084  0.0239108  0.0131008  0.00285971  0.000449169  5.98892e-05  
0.000164695  0.00330888  0.0106753  0.015661  0.00804013  0.00209612  0.000419224  
0  0.000434197  0.00253032  0.00792035  0.0107202  0.00658781  0.00208115  
0  2.99446e-05  0.000314418  0.00235065  0.00730648  0.00961222  0.00690223  


