the best solution's fitness is 
5246.49
the time when getting the optimal solution is 
1
the sequence of best solution is following
0 8 119 122 16 145 82 
0 76 109 50 116 134 24 60 107 147 7 141 27 57 
0 95 146 36 12 94 115 67 
0 102 21 105 77 29 
0 137 39 143 81 49 106 
0 130 9 23 15 17 97 44 
0 85 90 113 108 62 73 58 83 
0 80 32 
0 13 99 26 104 28 56 47 111 
0 98 101 110 
0 140 87 25 112 
0 66 100 4 120 
0 142 121 30 132 92 63 53 68 
0 52 128 117 
0 6 59 34 149 19 139 144 72 43 2 
0 135 61 51 
0 75 64 
0 22 103 131 78 79 
0 42 127 
0 55 
0 54 38 86 45 11 114 148 
0 70 84 
0 46 31 136 133 69 
0 125 1 
0 40 
0 14 10 35 37 126 
0 124 33 
0 129 5 91 74 96 48 89 20 
0 93 123 65 3 18 
0 71 118 138 88 41 

the actuall costs is 5246.49
the using frequency of each operators in EAX is following
the percentage of or-insert is 0.493007
the percentage of or-swap is 0.506993
all percentage of each operator is following 
0.486014  0.00699301  0  0  0  0  0  
0.185315  0.0314685  0.00699301  0.0034965  0  0  0  
0.0524476  0.0524476  0.0034965  0  0  0.0034965  0  
0.013986  0.0384615  0.0034965  0.013986  0  0.0034965  0  
0.0034965  0.020979  0  0.013986  0.00699301  0  0  
0.0034965  0.0104895  0.00699301  0.00699301  0.0034965  0  0  
0  0.00699301  0.0104895  0  0  0  0  


