the best solution's fitness is 
8509.16
the time when getting the optimal solution is 
240
the sequence of best solution is following
0 37 65 7 51 45 75 79 77 98 30 56 71 60 73 6 74 66 35 28 57 21 41 22 10 16 89 88 69 48 97 96 31 93 
0 87 40 14 62 15 84 17 24 19 8 9 94 55 20 27 11 46 81 13 67 32 44 64 85 95 68 80 33 49 
0 12 78 72 38 70 3 92 43 59 52 61 36 18 50 34 29 99 1 47 91 86 25 54 4 2 82 39 5 58 63 42 76 53 90 83 23 26 

the actuall costs is 8509.16
the using frequency of each operators in EAX is following
the percentage of or-insert is 0.480854
the percentage of or-swap is 0.519146
all percentage of each operator is following 
0.430036  0.0428517  0.00679681  0.00078489  0.000250497  0.000100199  3.33996e-05  
0.146257  0.0595514  0.018804  0.00521033  0.00150298  0.000701391  0.000183698  
0.0289908  0.0372405  0.0202234  0.0106712  0.00397455  0.00143618  0.00110219  
0.0077153  0.022027  0.0152302  0.0119737  0.00604532  0.00310616  0.00170338  
0.00105209  0.00956898  0.0103539  0.0113559  0.00834989  0.00489304  0.00369065  
0.00080159  0.00379085  0.00521033  0.00736461  0.0080326  0.00664652  0.00531053  
6.67992e-05  0.00160318  0.00288906  0.00576143  0.00646282  0.00609542  0.00619562  


