the best solution's fitness is 
5590.64
the time when getting the optimal solution is 
360
the sequence of best solution is following
0 31 20 140 58 103 87 101 25 83 73 62 14 97 
0 116 33 45 13 99 56 104 135 28 124 86 47 111 134 139 50 
0 144 84 38 102 100 55 64 75 32 12 94 49 67 24 60 
0 46 71 126 35 110 98 37 15 17 23 9 112 131 
0 107 2 68 72 43 115 81 125 1 143 63 53 39 92 137 147 141 57 
0 54 106 95 29 120 77 105 21 66 80 4 36 146 
0 148 114 42 145 70 16 51 61 26 40 82 127 122 
0 79 7 41 121 138 96 3 65 128 117 118 142 30 88 132 
0 130 78 89 133 136 93 69 123 52 18 74 48 5 91 129 27 
0 109 19 149 22 34 8 11 119 6 59 85 108 10 113 90 44 76 

the actuall costs is 5590.64
the using frequency of each operators in EAX is following
the percentage of or-insert is 0.504333
the percentage of or-swap is 0.495667
all percentage of each operator is following 
0.459921  0.0379616  0.00546529  0.000812408  0.00014771  2.46184e-05  0  
0.193796  0.0490891  0.00925652  0.00220335  0.000443131  9.84737e-05  4.92368e-05  
0.0267479  0.0470704  0.0202856  0.00535451  0.00153865  0.000295421  0.000110783  
0.00438208  0.0189562  0.0218365  0.0108813  0.00340965  0.00112014  0.000270803  
0.000800098  0.00512063  0.0111521  0.0107829  0.00617922  0.00260955  0.000812408  
0.000233875  0.00161251  0.00370507  0.00614229  0.00656081  0.00382816  0.00144018  
1.23092e-05  0.000578533  0.00126785  0.00305268  0.00482521  0.00477597  0.00297883  


