the best solution's fitness is 
13075.8
the time get the best solution is 
159
the sequence of best solution is following
0 50 144 139 134 116 148 33 45 13 47 99 40 82 70 16 145 42 127 122 114 11 119 8 34 6 59 85 90 108 113 10 62 140 126 20 71 9 23 89 5 48 91 79 129 78 131 112 31 46 130 
0 107 2 92 39 53 63 143 1 43 115 81 125 12 94 146 36 4 102 32 75 64 55 100 66 80 21 105 124 28 104 135 61 51 26 56 86 120 77 29 95 38 106 111 54 84 49 67 72 68 24 60 
0 57 27 141 147 137 132 88 30 121 41 7 138 142 118 96 74 18 52 3 117 128 65 123 69 93 133 136 17 15 37 35 110 98 101 25 87 103 58 83 73 14 97 44 76 22 149 19 109 

the actuall costs is 13075.8
