the best solution's fitness is 
12416.5
the time when getting the optimal solution is 
3311
the sequence of best solution is following
0 60 78 88 114 124 144 174 171 159 185 213 220 247 261 248 276 290 353 387 411 425 429 472 485 468 434 470 490 524 517 553 560 577 606 621 587 532 516 501 484 522 538 570 563 564 588 597 623 662 682 688 704 684 675 702 710 729 769 759 754 779 784 810 813 814 786 794 801 808 825 866 860 863 862 876 882 903 892 899 919 927 926 923 946 963 978 995 989 977 955 942 907 893 872 835 857 847 840 830 829 854 877 901 909 920 950 949 956 969 1000 974 958 988 1002 1026 1045 1016 1009 1030 1053 1043 1018 1004 1013 1035 1038 1056 1084 1075 1102 1109 1132 1163 1141 1107 1078 1094 1118 1140 1148 1153 1123 1147 1161 1181 1189 1185 1175 1172 1173 1199 1214 1210 1197 1191 1164 1186 1194 1216 1187 1170 1205 1195 1169 1145 1124 1113 1116 1095 1088 1069 912 902 868 845 818 800 762 730 698 712 676 679 683 666 670 644 631 622 548 558 579 583 626 628 594 581 544 521 520 496 497 426 437 465 456 410 333 297 235 241 219 201 180 133 107 40 28 47 46 71 70 93 122 168 198 206 231 275 318 341 351 375 352 338 334 358 370 388 364 346 332 319 311 279 258 226 230 254 216 194 182 204 208 160 132 181 187 191 166 141 123 117 67 45 29 
0 27 44 66 99 118 130 145 169 192 215 209 227 239 245 270 269 299 293 308 376 394 395 396 407 446 454 440 447 436 449 442 435 476 480 481 514 525 547 574 617 645 641 656 678 700 723 758 757 760 806 820 873 884 887 913 921 983 1011 1029 1058 1074 1100 1093 1112 1101 1099 1143 1157 1146 1122 1142 1162 1177 1171 1159 1190 1207 1218 1228 1239 1219 1231 1206 1200 1174 1192 1167 1183 1198 1229 1245 1258 1271 1259 1275 1336 1348 1343 1332 1319 1326 1303 1321 1347 1346 1350 1355 1357 1367 1372 1361 1360 1368 1364 1376 1374 1375 1377 1378 1373 1359 1356 1354 1353 1337 1333 1341 1325 1320 1307 1304 1298 1280 1290 1279 1261 1255 1268 1251 1263 1285 1291 1308 1299 1301 1317 1324 1305 1310 1309 1318 1323 1338 1330 1302 1300 1288 1281 1272 1256 1249 1234 1237 1217 1154 1135 1137 1155 1130 1138 1115 1144 1133 1111 1097 1081 1052 1040 1020 1007 992 959 941 888 874 865 856 833 809 803 799 781 817 838 811 792 789 767 747 783 772 740 706 731 746 738 689 654 659 716 721 690 707 697 724 701 652 620 576 551 550 502 441 399 342 303 300 287 274 273 262 237 186 153 162 167 112 115 116 98 120 129 157 189 154 150 136 138 109 108 86 104 80 68 65 54 35 37 18 5 
0 1 2 9 22 43 52 59 64 94 102 105 91 119 89 81 55 57 75 56 33 14 19 6 11 26 61 139 173 177 214 218 288 302 305 359 448 494 529 546 495 540 557 562 607 619 650 664 685 717 736 771 765 742 744 768 791 816 828 843 848 880 906 931 922 885 896 852 858 869 878 897 934 954 1033 1048 1068 1060 1072 1083 1106 1096 1129 1152 1168 1184 1236 1226 1209 1193 1179 1178 1180 1204 1215 1212 1223 1225 1227 1247 1274 1287 1286 1289 1292 1277 1262 1254 1241 1252 1278 1273 1260 1246 1248 1238 1243 1233 1213 1221 1242 1253 1282 1276 1283 1297 1314 1331 1340 1339 1345 1344 1329 1313 1312 1316 1322 1335 1342 1351 1362 1363 1366 1365 1370 1371 1369 1358 1352 1349 1327 1334 1315 1328 1306 1295 1296 1293 1311 1294 1284 1266 1235 1224 1220 1230 1244 1250 1240 1264 1265 1269 1270 1257 1267 1203 1156 1160 1119 1104 1103 1077 1066 1085 1089 1071 1062 1032 1027 1021 1023 999 981 982 953 917 867 844 837 826 802 821 788 774 761 773 737 732 703 692 665 657 634 614 625 603 590 572 539 531 493 455 462 443 378 392 379 419 405 386 385 389 372 347 304 301 280 253 211 217 179 195 199 176 155 148 126 101 90 84 100 69 51 30 24 
0 63 106 113 128 152 164 190 236 246 264 298 310 316 317 336 362 361 355 382 400 403 414 412 439 466 460 478 477 506 533 542 536 530 545 566 580 604 633 642 660 693 728 711 691 718 733 752 763 778 770 748 722 709 696 667 671 643 627 632 651 655 663 636 616 600 584 559 519 512 526 534 528 509 513 508 489 464 458 461 473 487 507 488 452 450 482 523 527 511 537 549 555 589 613 624 637 668 694 720 734 782 797 842 839 851 853 849 861 870 881 891 883 900 915 914 945 965 968 985 1003 1001 979 1006 1012 1019 1010 997 1014 1031 1054 1057 1067 1039 1050 1059 1042 1049 1024 1022 1051 1070 1082 1121 1108 1087 1086 1098 1117 1128 1136 1165 1196 1211 1232 1202 1166 1150 1127 1134 1149 1176 1201 1222 1208 1188 1182 1139 1120 1131 1110 1105 1092 1065 1064 1017 976 960 947 944 938 952 972 975 990 966 961 980 998 967 936 904 925 935 908 886 871 879 850 834 855 846 824 795 805 785 823 815 793 780 745 766 764 743 708 713 699 672 674 658 639 629 648 615 596 592 569 556 552 518 503 474 504 498 459 432 416 408 366 360 371 421 427 348 312 277 228 221 170 131 143 72 48 58 49 76 74 42 50 82 92 95 110 121 188 225 229 197 165 175 200 212 222 196 203 224 184 163 158 127 111 83 87 73 39 31 41 16 13 
0 7 17 21 15 32 25 12 4 3 8 20 34 36 53 77 62 85 103 156 146 140 135 149 137 134 147 142 161 183 172 202 232 234 207 240 267 278 335 322 271 291 306 331 289 283 268 249 255 284 315 320 349 390 406 377 354 344 309 294 272 242 244 259 282 260 243 250 256 263 292 307 324 285 295 340 368 373 337 327 350 383 397 402 424 444 453 457 515 535 541 554 571 585 578 599 618 610 591 595 640 608 601 598 593 582 575 602 609 567 573 568 565 586 605 612 638 681 686 705 735 727 751 787 804 822 831 841 875 890 911 928 929 930 964 986 984 996 993 994 1015 1025 1055 1061 1047 1028 1037 1046 1044 1063 1080 1090 1076 1079 1091 1126 1158 1151 1125 1114 1073 1041 1034 1036 1005 1008 970 962 943 924 939 951 937 918 916 932 948 971 987 991 973 957 940 933 910 905 898 894 895 889 864 859 836 827 832 812 777 776 756 753 741 719 715 725 695 673 649 635 630 647 653 669 680 687 726 749 750 755 775 790 807 819 798 796 739 714 677 661 646 611 561 543 510 475 445 423 393 367 369 330 314 296 323 339 326 329 313 357 391 420 438 428 418 433 409 398 413 431 463 467 483 486 499 469 492 491 500 505 479 451 471 430 422 404 417 401 415 374 380 363 356 365 321 325 343 384 381 345 328 286 281 265 266 252 257 233 238 251 223 210 205 178 193 151 125 96 97 79 38 23 10 

the actuall costs is 12416.5
the using frequency of each operators in EAX is following
the percentage of or-insert is 0.551939
the percentage of or-swap is 0.448061
all percentage of each operator is following 
0.539801  0.0114709  0.000638818  2.77747e-05  0  0  0  
0.229197  0.038829  0.00474947  0.000916565  0.000249972  0  5.55494e-05  
0.018859  0.0249417  0.0165815  0.00297189  0.000777691  0.000194423  8.33241e-05  
0.00266637  0.0153594  0.0210532  0.00586046  0.00224975  0.000611043  0.00047217  
0.000388846  0.00330519  0.00652705  0.00761027  0.0041662  0.00169426  0.00116654  
8.33241e-05  0.000916565  0.0018609  0.00644373  0.00502722  0.00324964  0.00205533  
2.77747e-05  0.000361071  0.000972114  0.001972  0.00508277  0.00466615  0.00380513  


