the best solution's fitness is 
7114.71
the time when getting the optimal solution is 
3310
the sequence of best solution is following
0 22 86 109 94 102 105 119 129 120 98 116 115 112 122 139 180 201 219 235 297 333 359 410 437 426 497 558 548 622 676 712 747 767 789 792 811 838 869 858 878 897 912 1155 1210 1234 1249 1256 1281 1287 1274 1286 1289 1292 1277 1278 1273 1283 1260 1246 1248 1238 1243 1233 1242 1221 1213 1178 1153 1123 1072 934 896 852 817 783 772 740 731 706 689 644 631 579 583 544 521 520 496 495 465 456 502 493 455 462 443 378 392 379 253 211 217 226 230 254 216 194 182 204 160 101 90 84 
0 1 2 9 43 52 59 64 91 89 81 55 57 75 14 19 33 56 70 93 71 46 47 40 28 6 11 26 61 107 133 218 288 342 303 275 300 318 341 351 375 352 334 347 370 358 304 301 280 258 279 311 319 332 346 376 394 434 468 475 470 510 543 553 560 606 587 621 675 684 704 682 688 700 732 737 760 773 761 774 788 802 837 880 901 867 844 821 829 830 840 847 873 884 887 907 919 927 903 899 892 866 860 863 882 898 894 889 895 881 861 853 851 796 782 734 720 694 663 636 605 586 568 573 567 513 508 483 467 463 458 461 433 450 428 381 345 328 286 281 265 266 252 257 233 185 171 124 78 60 
0 13 16 41 96 111 127 158 203 196 200 212 222 260 282 337 327 383 397 402 406 390 408 416 432 474 504 498 541 578 599 585 591 595 604 608 601 598 593 582 575 602 609 612 638 655 667 696 709 722 735 770 787 804 834 850 900 915 924 939 951 985 1001 979 1006 1022 1024 1049 1087 1134 1149 1121 1125 1114 1073 1041 1036 1044 1046 1037 1047 1028 998 962 970 965 968 943 945 936 914 879 855 846 831 824 823 815 793 780 745 766 764 743 713 708 674 658 639 618 629 648 615 596 592 569 556 552 518 503 421 427 371 322 335 348 312 277 221 170 228 267 278 240 271 291 306 331 360 366 349 320 315 284 268 249 229 197 165 175 156 146 140 103 83 87 73 39 31 17 
0 27 29 67 117 123 166 187 227 239 245 296 314 330 367 393 395 396 407 446 454 440 447 484 522 564 588 617 645 656 678 703 692 701 724 768 826 848 874 888 941 959 992 1007 1033 1048 1060 1083 1097 1111 1147 1161 1181 1180 1204 1215 1212 1189 1185 1175 1172 1173 1199 1225 1223 1241 1252 1254 1262 1247 1227 1214 1197 1191 1164 1186 1194 1216 1187 1170 1205 1195 1169 1145 1124 1113 1095 1116 1135 1137 1130 1138 1115 1144 1133 1081 1052 1040 1020 954 885 856 833 809 803 799 781 746 738 736 717 716 721 690 652 625 590 572 574 547 525 481 480 476 442 435 419 405 386 385 389 372 338 287 274 273 262 237 186 189 179 195 199 176 155 148 126 132 100 69 51 18 
0 45 141 181 208 270 269 299 293 308 364 388 436 449 514 539 531 550 551 576 607 654 670 666 679 683 698 730 762 800 818 845 868 902 1069 1088 1154 1217 1237 1272 1288 1300 1302 1330 1338 1323 1318 1309 1310 1305 1324 1317 1301 1299 1308 1331 1340 1339 1345 1314 1297 1291 1285 1282 1276 1253 1263 1251 1268 1255 1236 1226 1209 1193 1179 1148 1140 1094 1078 1030 1016 1009 1000 969 956 917 877 854 806 820 810 784 758 757 723 662 623 597 570 563 538 501 516 532 517 524 490 445 423 369 323 248 209 191 
0 10 23 63 106 113 128 152 178 193 263 292 307 336 362 401 374 380 415 413 431 464 489 509 528 534 565 584 600 624 637 661 687 726 750 755 775 790 827 859 864 910 933 963 997 1014 1031 1057 1054 1093 1100 1074 1089 1122 1142 1162 1177 1171 1159 1190 1218 1219 1231 1206 1200 1192 1167 1143 1183 1198 1196 1202 1201 1176 1151 1126 1158 1139 1091 1079 1063 1076 1090 1080 1061 1055 1025 1015 994 993 996 976 984 986 964 930 947 929 911 908 886 871 822 778 748 718 691 671 643 627 499 486 469 492 471 491 500 505 479 451 422 430 417 404 382 368 340 295 243 259 244 242 188 137 121 110 95 74 76 58 72 48 49 42 50 34 20 8 3 4 12 
0 118 159 213 220 247 313 329 357 391 420 438 482 523 549 555 611 647 695 715 719 741 753 777 808 801 825 872 942 955 977 983 1011 1032 1027 1021 1023 1038 1035 1056 1084 1132 1156 1207 1228 1239 1270 1296 1315 1334 1352 1375 1374 1376 1364 1368 1360 1361 1372 1367 1357 1355 1350 1343 1348 1336 1332 1319 1303 1266 1235 1224 1165 1136 1128 1117 1098 1086 1059 1050 1042 1019 1012 987 971 948 937 918 891 883 839 842 797 751 727 705 686 681 651 632 545 530 536 506 457 444 453 459 424 377 354 283 289 232 234 207 131 143 161 142 147 134 92 82 77 53 36 25 15 7 
0 38 79 97 125 151 163 184 224 250 256 285 324 361 355 400 403 460 466 478 515 535 554 571 610 640 672 699 728 785 805 904 925 935 938 952 972 975 990 966 961 980 967 1008 1005 1003 1034 1051 1070 1082 1108 1127 1150 1166 1211 1232 1245 1229 1220 1230 1244 1250 1265 1269 1293 1295 1306 1307 1320 1325 1333 1337 1335 1342 1362 1351 1344 1329 1313 1312 1316 1322 1304 1298 1290 1279 1261 1280 1267 1257 1203 1160 1119 1104 1103 1077 1066 1085 1071 1062 1058 1029 995 989 978 946 926 923 905 876 862 832 812 776 756 725 680 669 653 646 613 589 559 519 512 488 452 418 384 343 325 321 310 316 298 264 251 238 223 210 190 174 114 88 
0 21 32 62 85 135 149 172 183 202 225 255 272 294 309 344 350 373 414 412 439 477 533 542 566 580 633 642 660 693 711 733 752 763 795 841 875 890 928 944 960 1017 1064 1065 1092 1105 1110 1131 1120 1182 1188 1208 1222 1258 1271 1259 1275 1326 1346 1347 1349 1358 1369 1371 1370 1377 1378 1373 1365 1366 1363 1353 1354 1356 1359 1341 1328 1327 1321 1311 1294 1284 1264 1240 1174 1157 1146 1112 1101 1099 1067 1039 1010 991 973 957 940 932 916 870 849 836 807 819 798 749 739 714 677 668 616 526 507 487 473 409 398 365 356 363 317 246 236 205 164 144 
0 5 24 30 37 35 54 65 68 80 104 108 138 136 150 154 157 153 162 167 206 231 198 168 173 177 214 241 305 302 399 441 448 494 529 546 540 557 562 581 594 626 628 659 685 664 650 619 620 603 614 634 641 665 657 697 707 744 742 765 771 791 816 828 843 865 922 931 906 909 920 949 950 974 958 988 1002 1026 1045 1068 1096 1106 1118 1129 1152 1168 1184 1163 1141 1107 1109 1102 1075 1053 1043 1018 1004 1013 999 981 982 953 921 913 893 857 835 813 814 794 786 779 754 759 769 729 710 702 673 649 635 630 577 561 537 511 527 485 472 429 425 411 387 353 339 326 290 276 261 215 192 169 145 130 99 66 44 

the actuall costs is 7114.71
the using frequency of each operators in EAX is following
the percentage of or-insert is 0.574462
the percentage of or-swap is 0.425538
all percentage of each operator is following 
0.552031  0.0194793  0.00243491  0.000367277  0.000122426  2.72057e-05  0  
0.226624  0.0367277  0.00729113  0.00174116  0.000530511  0.000204043  4.08086e-05  
0.0277362  0.0255598  0.0102157  0.0028566  0.00112904  0.000435291  0.000231248  
0.00489703  0.0115488  0.00984846  0.00489703  0.00223087  0.000979405  0.000435291  
0.000734554  0.00409446  0.00556357  0.0052371  0.00261175  0.00186359  0.000993008  
0.000340071  0.0014283  0.00296542  0.00327829  0.00311505  0.0024077  0.00165955  
5.44114e-05  0.000979405  0.00127867  0.00201322  0.00330549  0.00274778  0.00270697  


