the best solution's fitness is 
5370.82
the time when getting the optimal solution is 
3311
the sequence of best solution is following
0 51 90 104 136 150 154 157 189 186 153 162 167 168 198 206 231 218 288 302 342 399 441 494 529 546 540 495 496 520 521 544 583 579 631 679 683 712 747 767 789 792 811 838 868 845 818 800 762 730 698 676 622 548 558 497 426 437 465 456 410 333 305 297 235 201 219 214 177 173 139 122 112 115 116 98 120 129 119 102 94 86 59 52 43 54 
0 223 238 251 325 343 384 559 849 861 870 940 957 973 991 1019 1042 1086 1098 1117 1165 1198 1229 1245 1258 1336 1348 1357 1367 1372 1361 1360 1368 1376 1364 1352 1334 1315 1293 1269 1265 1231 1219 1206 1177 1162 1142 1122 1062 1027 1032 1011 983 942 892 863 860 812 753 695 635 630 561 
0 37 117 245 270 299 376 788 837 880 906 931 941 1052 1144 1175 1172 1173 1199 1247 1249 1256 1281 1288 1300 1309 1310 1287 1274 1262 1254 1252 1241 1246 1215 1161 1147 1083 1026 958 920 909 844 821 732 623 445 423 314 296 239 181 141 
0 29 65 84 132 160 204 182 194 216 254 308 332 319 311 358 370 347 334 372 389 385 386 405 419 436 449 442 435 476 480 522 564 547 574 617 641 678 700 758 760 737 724 701 697 707 690 721 716 742 765 771 809 833 856 803 799 781 731 746 738 736 717 689 654 659 685 664 650 607 619 652 603 590 572 539 514 525 481 392 379 341 351 375 352 338 287 273 274 253 280 301 304 279 258 211 217 195 226 230 199 176 155 148 126 101 22 9 2 1 
0 63 114 144 190 210 264 298 316 310 321 356 365 398 409 433 488 526 616 668 714 739 726 749 798 796 851 853 881 895 889 894 876 905 923 926 927 899 907 893 887 884 873 854 830 820 773 774 768 744 692 665 657 634 614 625 620 576 550 502 448 359 241 180 133 107 61 26 11 6 28 40 47 46 71 93 70 56 33 19 14 75 57 55 81 89 91 105 64 80 68 35 5 
0 7 15 31 39 73 87 83 111 127 156 175 196 200 212 222 259 282 327 337 373 412 477 533 536 542 566 580 604 608 633 660 691 711 733 752 795 805 824 831 841 871 886 908 938 944 929 930 964 986 984 976 993 994 1015 1025 1055 1061 1080 1090 1076 1063 1044 1046 1037 998 967 980 961 966 935 925 904 855 834 804 787 770 735 727 720 694 663 638 612 567 573 568 534 452 473 461 458 464 431 413 380 363 401 417 404 382 355 361 324 285 263 256 250 224 203 184 163 151 193 178 152 128 106 88 38 23 10 
0 16 17 32 62 85 103 146 140 135 165 197 229 225 249 268 289 283 284 255 242 244 272 294 309 344 350 383 397 402 424 444 459 498 504 518 552 556 569 592 596 615 648 629 618 610 640 595 591 585 571 554 535 515 506 478 466 460 479 500 491 492 575 602 609 655 681 686 705 751 797 839 883 891 937 918 916 932 948 971 987 1012 1010 978 963 946 910 836 819 807 755 750 680 646 613 589 555 549 523 519 512 482 450 428 381 266 257 174 171 124 78 60 
0 317 374 415 632 651 667 696 709 722 748 778 822 850 914 924 939 951 979 1006 1024 1049 1050 1059 1087 1127 1128 1136 1143 1167 1192 1230 1244 1266 1303 1326 1319 1332 1343 1355 1350 1346 1347 1321 1284 1250 1174 1157 1112 1054 1057 1031 1014 995 989 977 955 919 903 882 862 832 776 647 611 485 438 420 391 357 286 
0 18 187 227 323 587 662 682 829 956 969 1004 1018 1043 1109 1141 1163 1184 1236 1255 1261 1279 1290 1312 1316 1335 1362 1363 1354 1353 1337 1333 1325 1320 1307 1306 1295 1267 1257 1228 1207 1160 1119 1084 1038 999 981 953 921 702 673 649 543 510 475 290 248 209 166 123 45 
0 44 99 118 169 185 233 220 247 261 326 339 330 369 367 393 394 395 396 446 454 440 501 516 532 553 560 606 621 675 684 710 729 769 794 786 814 835 857 872 866 801 808 777 756 741 719 715 725 687 677 661 637 624 600 584 528 509 487 489 513 508 483 463 467 486 469 471 430 422 400 403 414 439 457 453 432 416 390 406 377 354 315 320 349 366 360 371 331 306 291 271 278 267 240 234 232 207 161 183 172 202 188 149 137 121 110 92 82 50 77 53 34 36 25 21 13 
0 66 215 468 810 840 877 1107 1168 1213 1221 1242 1263 1253 1276 1283 1297 1308 1299 1301 1317 1324 1305 1292 1289 1286 1277 1278 1273 1260 1248 1238 1243 1233 1204 1178 1153 1148 1140 1118 1094 1078 1009 974 950 901 806 757 723 688 517 100 27 
0 69 208 269 293 346 364 388 447 484 563 588 791 816 828 843 865 885 896 897 878 902 1095 1113 1116 1154 1186 1210 1197 1191 1164 1135 1137 1155 1130 1138 1115 1133 1111 1097 1081 1072 1033 1002 959 922 888 874 848 826 802 761 703 656 645 570 538 407 
0 108 109 138 179 237 262 275 300 318 303 378 443 462 455 493 531 551 557 562 581 594 628 626 644 670 666 706 740 772 783 817 852 934 954 992 1007 1020 1040 1060 1048 1045 1016 1030 1053 1075 1104 1077 1066 1071 1085 1089 1093 1101 1099 1067 1039 997 933 898 864 859 827 790 775 669 511 472 429 425 353 329 313 67 
0 12 4 3 8 20 42 49 48 72 58 76 74 95 134 147 142 143 131 170 221 228 277 312 348 335 322 427 421 408 474 503 541 578 599 639 658 674 672 699 713 708 743 764 766 745 780 793 815 947 960 996 1017 1064 1065 1092 1105 1110 1131 1120 1091 1079 1047 1028 990 975 972 952 928 911 890 875 823 785 728 693 642 601 598 593 545 530 505 451 368 340 295 260 243 158 125 96 97 41 
0 30 858 869 912 1069 1088 1124 1145 1169 1195 1205 1170 1187 1216 1194 1217 1237 1227 1225 1223 1185 1189 1181 1180 1123 1106 1096 1068 988 867 524 490 470 192 145 
0 328 527 653 1029 1058 1074 1100 1146 1200 1240 1264 1294 1311 1327 1349 1358 1369 1374 1375 1371 1370 1377 1378 1373 1365 1366 1356 1359 1341 1328 1296 1270 1239 1218 1190 1171 1159 1103 1023 1021 982 913 825 276 
0 130 191 434 704 754 779 784 949 1000 1129 1152 1179 1193 1209 1226 1251 1268 1285 1282 1291 1313 1314 1331 1340 1339 1345 1344 1351 1342 1329 1322 1304 1298 1280 1203 1156 1132 1102 1056 1035 1013 917 847 813 759 577 537 411 387 
0 79 113 164 205 236 246 292 307 336 362 499 582 627 643 671 718 763 846 879 936 962 970 1008 1005 1036 1041 1034 1051 1073 1114 1126 1151 1158 1139 1182 1188 1208 1222 1176 1201 1202 1196 1211 1232 1271 1259 1275 1235 1220 1224 1183 1166 1150 1134 1149 1125 1121 1108 1082 1070 1022 1001 1003 985 968 965 945 943 915 900 842 782 734 636 605 586 565 507 418 345 281 265 252 213 159 
0 24 597 1214 1234 1272 1302 1330 1323 1318 1212 
0 1338 

the actuall costs is 5370.82
the using frequency of each operators in EAX is following
the percentage of or-insert is 0.410605
the percentage of or-swap is 0.589395
all percentage of each operator is following 
0.333187  0.0510924  0.0148736  0.00613109  0.00293579  0.00142734  0.000956969  
0.220638  0.0567045  0.0174687  0.00721782  0.00334128  0.00205992  0.00115161  
0.040582  0.0401603  0.0193827  0.00898578  0.00446045  0.00233565  0.00118405  
0.0119053  0.0219454  0.0154737  0.00921285  0.0048335  0.00296823  0.00149222  
0.00434691  0.00952103  0.00929395  0.00750977  0.0053201  0.0032764  0.00233565  
0.00214102  0.00510924  0.00541742  0.00541742  0.00497948  0.00371434  0.00215723  
0.00223833  0.00429825  0.00356836  0.00402251  0.00421715  0.0038441  0.00316286  


