the best solution's fitness is 
20495.9
the time when getting the optimal solution is 
3316
the sequence of best solution is following
0 18 37 51 69 100 141 132 126 108 109 138 155 182 194 216 254 269 270 299 293 308 332 319 311 279 230 176 199 195 179 154 150 136 94 102 105 91 89 119 129 120 98 81 55 57 75 70 71 93 122 180 201 219 241 235 297 333 359 305 302 288 303 275 300 318 378 392 379 341 351 375 352 372 389 385 386 405 419 435 442 476 480 481 525 547 564 574 572 539 531 493 502 448 410 456 465 437 426 497 558 548 622 676 712 698 730 747 767 811 838 869 858 878 897 852 799 781 746 738 736 717 716 685 664 650 619 620 576 603 625 652 690 721 742 765 771 791 816 843 874 888 906 931 941 922 959 954 1007 992 1002 1026 1045 1068 1096 1106 1123 1083 1072 1060 1048 1033 1020 1040 1052 1081 1097 1111 1147 1133 1144 1115 1138 1130 1155 1137 1135 1116 1095 1069 1088 1113 1124 1145 1169 1195 1205 1170 1187 1216 1194 1186 1210 1234 1249 1274 1286 1305 1324 1317 1340 1331 1339 1345 1344 1351 1362 1363 1354 1353 1335 1342 1329 1313 1314 1291 1253 1242 1221 1226 1209 1193 1179 1168 1184 1141 1163 1203 1207 1218 1219 1231 1240 1264 1284 1294 1321 1327 1311 1315 1334 1352 1370 1371 1369 1358 1349 1347 1346 1350 1360 1361 1355 1343 1332 1319 1326 1303 1266 1220 1192 1167 1183 1143 1099 1101 1112 1093 1074 1062 1071 1089 1085 1066 1038 1035 1018 1004 1013 1023 1021 1011 983 955 977 989 995 1014 1031 1057 1067 1039 1010 997 978 963 946 926 923 905 862 863 860 866 872 857 835 825 814 813 810 820 806 830 840 847 873 877 854 829 821 844 837 826 802 788 773 760 757 758 784 779 754 759 769 786 794 801 808 812 832 827 819 798 796 851 891 883 900 915 924 939 951 979 971 1006 1022 1034 1036 1041 1051 1073 1114 1126 1158 1208 1188 1182 1139 1091 1120 1131 1110 1105 1092 1055 1065 1064 1017 960 947 944 928 911 890 875 823 815 793 780 766 764 743 708 674 658 648 615 596 592 569 556 552 518 503 474 432 424 402 344 350 309 294 272 244 212 196 203 158 163 151 125 96 97 41 16 13 
0 10 23 38 63 79 106 113 128 152 164 144 174 171 185 159 169 192 187 181 227 248 261 276 290 323 339 353 326 329 313 357 391 387 411 429 425 420 438 482 559 584 565 568 586 605 638 655 651 667 696 709 722 748 763 778 770 751 734 720 694 668 637 624 613 611 687 726 749 750 755 807 859 864 876 882 892 899 903 927 919 942 907 893 913 921 887 884 917 953 982 981 999 1027 1032 1029 1054 1058 1100 1146 1157 1174 1200 1206 1177 1162 1142 1122 1103 1077 1104 1119 1084 1056 1075 1102 1109 1107 1132 1156 1160 1159 1171 1190 1228 1239 1270 1257 1267 1307 1320 1325 1333 1337 1322 1316 1312 1304 1298 1280 1290 1279 1261 1236 1255 1268 1251 1263 1285 1282 1276 1283 1297 1308 1299 1301 1292 1289 1287 1281 1288 1310 1309 1318 1323 1338 1330 1302 1300 1272 1256 1237 1217 1154 1164 1191 1197 1214 1227 1225 1199 1173 1172 1175 1185 1189 1161 1181 1215 1212 1223 1241 1252 1254 1247 1262 1277 1278 1273 1260 1246 1248 1238 1243 1233 1213 1204 1180 1178 1153 1148 1140 1152 1129 1118 1094 1078 1053 1043 1030 1016 1009 988 958 974 1000 969 956 949 950 920 909 901 867 880 848 828 809 803 833 865 856 885 896 934 912 902 868 845 818 800 762 792 789 817 783 772 740 731 706 683 679 666 689 670 644 631 579 583 544 521 520 496 495 540 557 562 581 594 626 628 654 659 607 546 529 494 551 550 590 614 634 657 665 692 701 724 697 707 744 768 774 761 737 732 703 678 700 723 688 682 684 675 662 645 656 641 617 588 597 623 621 587 570 563 538 522 514 462 443 455 441 399 342 231 206 198 168 218 214 177 173 139 133 107 61 26 11 6 28 40 47 46 19 14 33 56 112 115 116 167 162 153 186 157 189 211 217 226 258 304 301 280 253 237 262 273 274 287 338 334 347 358 370 388 364 346 376 395 396 407 446 454 440 447 436 449 484 501 516 532 517 524 553 560 577 561 543 510 490 470 445 423 394 393 367 369 330 314 296 245 239 208 204 160 148 104 86 64 59 52 43 68 80 90 101 84 65 54 35 22 9 2 1 
0 7 17 21 15 12 4 3 8 25 32 31 39 73 87 83 111 127 103 85 62 77 53 36 20 34 50 42 82 92 74 49 48 72 58 76 95 110 121 137 134 147 142 161 143 131 170 221 228 267 278 277 312 348 335 322 427 421 371 360 331 306 291 271 240 207 234 232 183 172 202 188 225 229 249 268 283 289 320 349 366 408 416 390 406 377 354 315 284 255 242 197 165 149 135 140 146 156 175 200 222 259 282 260 243 295 285 263 256 250 224 184 193 178 205 190 210 223 238 251 264 236 246 292 307 324 361 355 382 400 368 340 337 327 373 403 414 412 383 397 439 457 444 453 459 498 504 541 535 554 571 585 578 599 618 629 639 610 591 595 566 580 604 640 672 699 713 745 728 693 660 642 633 608 601 598 593 582 575 567 573 612 609 602 632 627 643 671 691 711 718 733 752 785 805 795 824 831 841 871 886 908 935 925 904 936 914 945 943 968 965 970 962 967 998 980 961 966 990 975 972 952 938 929 930 964 986 984 976 996 993 994 1015 1025 1028 1037 1047 1061 1080 1090 1076 1079 1063 1046 1044 1008 1005 1003 985 1001 1024 1049 1070 1082 1087 1108 1121 1125 1151 1176 1222 1201 1149 1134 1127 1150 1166 1202 1196 1211 1232 1245 1258 1271 1259 1275 1336 1348 1357 1367 1372 1368 1364 1376 1374 1375 1377 1378 1373 1365 1366 1356 1359 1341 1328 1306 1295 1296 1293 1269 1265 1250 1244 1230 1235 1224 1229 1198 1165 1136 1128 1117 1098 1086 1059 1050 1042 1019 1012 987 991 973 957 948 937 918 916 932 940 933 910 898 894 889 895 881 870 853 861 849 836 790 775 725 695 715 719 741 756 776 777 753 729 704 710 702 673 649 606 635 630 647 669 680 653 646 661 677 714 739 782 797 839 842 850 834 855 879 846 822 804 787 735 727 705 681 686 663 636 616 600 589 555 549 537 475 434 468 472 485 511 527 523 519 512 488 507 526 534 528 509 513 508 489 487 473 452 450 428 418 433 461 458 464 431 463 467 483 486 499 469 492 491 500 479 505 545 530 536 542 533 515 506 477 478 466 460 451 471 430 422 404 417 401 415 413 398 409 365 356 363 380 374 362 336 317 298 316 310 321 325 343 384 381 345 328 286 281 247 265 266 252 257 233 213 220 215 209 191 166 145 123 117 130 99 118 124 114 88 78 60 44 66 67 45 30 29 24 27 5 

the actuall costs is 20495.9
the using frequency of each operators in EAX is following
the percentage of or-insert is 0.58792
the percentage of or-swap is 0.41208
all percentage of each operator is following 
0.58402  0.0035753  0.000325027  0  0  0  0  
0.210401  0.0333694  0.00617551  0.00092091  0.000325027  0.000162514  5.41712e-05  
0.014247  0.0292524  0.0102384  0.00400867  0.00108342  0.000487541  0.000162514  
0.00227519  0.0102384  0.00947996  0.00698808  0.00303359  0.00140845  0.000650054  
0.000595883  0.0031961  0.00736728  0.00660888  0.0056338  0.00227519  0.00157096  
0  0.000975081  0.0028169  0.00471289  0.00465872  0.0039545  0.00303359  
0  0.000866739  0.00113759  0.00270856  0.00509209  0.00471289  0.00520043  


