the best solution's fitness is 
6528.86
the time when getting the optimal solution is 
2815
the sequence of best solution is following
0 1 2 5 6 37 51 52 53 50 68 69 70 73 71 72 74 79 95 97 98 96 99 100 101 115 116 117 126 118 127 688 689 690 692 693 691 686 685 684 682 681 680 659 658 656 655 654 653 652 725 724 645 631 614 613 612 611 610 609 608 607 606 605 604 421 420 419 418 417 416 415 414 413 412 35 36 31 30 29 
0 202 203 204 205 206 207 210 307 310 311 312 165 169 166 332 195 339 345 344 343 359 358 360 361 567 370 387 386 384 385 406 405 404 403 402 401 390 391 392 393 400 394 399 395 396 397 398 388 381 378 379 368 367 366 365 362 364 363 346 347 348 349 537 538 330 529 530 333 334 325 533 522 521 520 519 518 517 516 501 486 290 288 273 269 264 248 249 250 223 225 
0 12 200 201 175 176 255 253 254 258 259 260 261 262 263 265 266 452 268 453 470 471 472 473 474 469 475 476 477 483 478 479 480 481 482 463 449 433 434 435 615 616 617 618 619 620 621 626 622 623 624 625 646 647 648 649 650 651 644 643 642 660 133 132 128 131 130 628 629 627 113 103 112 111 109 108 78 77 76 75 83 82 81 80 54 49 48 47 46 45 44 43 42 41 40 26 25 24 23 22 21 20 8 7 4 3 
0 218 496 1007 1029 1032 1125 1123 1146 1122 1147 1151 1148 1142 1143 1138 1131 1133 1134 1135 1115 1116 1102 1109 1108 1107 1101 1093 1085 1084 1083 1082 1072 1002 845 
0 27 407 408 409 600 601 602 603 632 633 634 635 657 761 762 763 811 812 813 926 925 924 954 965 964 986 974 973 962 971 970 969 968 967 966 856 849 844 843 842 841 828 834 835 839 836 511 510 500 509 508 507 506 498 490 485 267 222 
0 140 141 155 156 187 208 209 192 340 350 351 356 357 355 342 341 338 319 309 295 291 296 297 306 316 326 322 323 527 328 526 536 539 540 541 546 554 555 556 558 557 875 876 882 877 878 879 880 881 872 874 873 865 864 862 531 861 532 860 859 858 528 534 857 335 327 524 523 513 512 505 504 503 502 276 277 252 14 
0 1172 
0 17 18 231 232 234 235 236 422 424 437 450 464 462 466 769 777 778 779 784 780 781 782 825 829 826 928 942 943 944 945 946 931 932 927 933 938 948 949 934 935 936 937 950 951 939 952 953 940 941 923 807 806 808 809 810 805 804 803 802 801 800 788 787 795 794 786 785 737 736 735 719 718 717 708 707 706 697 696 695 694 432 431 430 411 410 39 33 32 11 9 
0 64 65 67 636 637 638 639 640 641 674 672 671 661 670 669 668 664 665 666 687 667 676 683 746 754 755 756 758 748 753 799 798 797 796 911 910 909 908 831 830 832 833 840 821 817 827 819 818 497 499 495 494 493 492 491 487 489 488 484 271 272 
0 278 286 287 293 514 525 329 542 592 599 900 901 902 903 904 905 906 1060 1061 1062 1063 1064 1057 1058 1066 1067 1065 1068 1069 1071 1059 1070 1056 1047 1044 1041 1040 1039 1043 1046 1054 1053 1052 1051 1050 1045 1049 1048 899 898 897 896 895 894 893 591 589 543 331 324 515 303 294 289 274 275 270 251 
0 10 28 38 57 58 59 60 61 62 63 55 56 84 85 86 87 88 89 90 91 92 66 93 94 105 106 107 630 110 104 102 114 119 120 121 122 123 124 125 139 138 663 662 137 136 135 129 134 673 675 677 679 678 749 750 751 745 744 743 742 741 740 739 738 733 734 720 704 703 702 701 700 699 698 705 709 710 465 467 468 461 460 459 458 457 456 455 451 454 239 243 244 245 247 227 226 228 229 16 
0 34 721 722 723 732 726 727 731 728 729 730 752 757 760 759 747 764 765 766 767 768 814 815 816 959 958 957 956 955 922 921 920 919 918 917 916 915 914 913 912 793 792 791 773 772 716 715 714 713 712 711 448 447 446 445 444 443 442 440 439 215 216 233 19 
0 219 148 177 178 179 180 181 182 183 184 185 186 188 189 190 191 164 170 171 198 199 211 212 213 214 353 352 354 371 372 373 374 375 369 376 377 389 581 582 583 584 585 586 587 588 596 597 598 593 594 595 580 579 578 572 577 576 575 573 574 562 563 564 560 553 552 551 550 548 547 336 337 194 193 313 308 314 315 320 321 317 304 302 301 305 300 299 298 292 285 284 283 279 256 257 224 15 
0 280 281 282 318 535 544 549 590 884 885 886 891 887 883 888 889 892 890 1033 1034 1042 1035 1036 1037 1038 1031 1027 1028 1030 1017 1012 1011 1016 1018 1015 1019 1020 1014 1009 1008 1003 1004 1005 1006 1026 1025 1024 1023 996 1001 1000 999 998 997 994 854 848 847 242 246 220 221 230 
0 217 241 1010 1100 1127 1111 1130 1139 1144 1152 1153 1154 1155 1156 1141 1145 1140 1132 1112 1104 1103 1074 1021 1080 822 
0 438 1171 1170 1167 1157 1150 1129 
0 13 147 149 150 151 152 153 154 157 158 159 160 161 162 167 163 168 196 197 172 173 174 143 142 144 145 146 380 382 383 565 566 571 568 569 561 570 559 545 867 868 866 869 870 871 863 853 852 846 851 850 907 789 790 775 774 771 428 427 426 425 423 238 237 
0 429 770 776 783 929 930 947 963 975 976 977 978 979 980 981 982 983 984 987 988 989 1096 1099 1097 1095 1081 1077 1079 1078 991 992 990 985 972 961 960 855 824 823 820 
0 240 436 441 993 1075 1076 1086 1087 1088 1089 1090 1098 1110 1117 1118 1119 1121 1120 1137 1136 1114 1113 1106 1105 1092 1091 1073 1013 
0 837 838 995 1022 1055 1158 1159 1160 1161 1162 1163 1164 1165 1168 1169 1166 1094 1149 1128 1124 1126 

the actuall costs is 6528.86
the using frequency of each operators in EAX is following
the percentage of or-insert is 0.403917
the percentage of or-swap is 0.596083
all percentage of each operator is following 
0.34645  0.0370257  0.0110159  0.00507956  0.00195838  0.00146879  0.000917993  
0.193329  0.0581395  0.0173807  0.00685435  0.00336597  0.00134639  0.000734394  
0.0399021  0.047858  0.0197062  0.00899633  0.00520196  0.00257038  0.00183599  
0.0102815  0.0236842  0.0154223  0.00832313  0.00520196  0.00391677  0.00244798  
0.00520196  0.0126683  0.0103427  0.0102203  0.00679315  0.00452876  0.00238678  
0.00250918  0.00771114  0.00703794  0.00593635  0.00575275  0.00434517  0.00367197  
0.00275398  0.00428397  0.00434517  0.00434517  0.00526316  0.00538556  0.00410037  


