the best solution's fitness is 
7758.26
the time when getting the optimal solution is 
2815
the sequence of best solution is following
0 12 175 176 177 178 179 180 153 154 155 156 157 158 159 160 161 162 190 191 192 167 163 168 164 170 171 196 197 172 173 198 211 212 213 214 380 382 383 384 385 390 391 392 393 400 394 399 395 396 388 397 398 389 581 582 583 584 585 586 587 588 596 597 595 594 593 598 599 900 901 902 903 895 894 893 592 591 589 570 561 569 568 571 580 579 578 577 572 566 565 564 563 562 368 367 366 365 362 361 360 358 359 357 356 355 342 343 344 339 345 346 337 195 332 166 194 193 165 169 319 310 311 312 313 308 297 296 295 291 282 280 207 206 205 204 203 202 201 200 13 
0 19 233 234 216 215 422 436 440 441 442 443 450 464 462 463 465 710 711 709 712 713 714 715 716 717 718 719 735 736 737 738 785 786 794 795 796 797 798 914 915 934 935 936 916 917 937 950 986 976 977 992 978 964 953 952 951 939 940 921 922 923 807 809 763 768 767 762 761 766 765 760 759 764 747 691 690 692 688 689 687 667 668 669 670 671 672 673 674 641 642 643 644 635 634 633 645 632 631 614 613 612 611 603 91 90 89 88 87 86 85 56 55 47 46 45 44 43 42 41 40 26 25 24 23 22 21 20 
0 9 28 34 35 38 57 58 59 407 408 409 421 604 605 606 607 618 619 620 621 626 622 623 624 720 721 722 723 724 725 732 726 727 731 728 729 730 751 750 749 657 659 679 678 680 677 675 660 132 128 133 134 129 135 136 137 138 662 663 664 666 665 139 127 118 126 117 125 124 123 122 121 120 119 116 115 114 628 629 640 639 638 637 636 630 104 103 102 101 100 99 96 98 97 95 79 78 77 76 75 74 72 71 73 80 70 69 68 54 50 49 48 53 52 51 37 8 7 6 5 4 3 2 1 
0 228 223 250 249 262 263 269 272 271 484 488 489 487 490 498 512 513 520 521 522 523 335 857 534 867 868 875 876 877 882 883 887 888 889 890 892 898 899 1049 1048 1033 1034 1042 1045 1050 1051 1052 1053 1054 1046 1043 1055 1056 1047 1044 1125 1126 1124 1128 1129 1127 1100 1032 1030 1029 1017 1016 1018 1019 1015 1014 1009 1010 1011 1012 1007 1028 1027 1031 1026 1025 1024 1023 996 995 881 880 879 878 871 870 869 866 858 528 327 524 499 496 495 494 483 477 476 475 474 473 471 470 452 243 244 245 247 221 227 230 17 
0 11 33 39 410 411 412 413 414 415 416 417 418 419 420 600 601 602 608 609 610 625 646 647 648 649 650 651 652 653 654 655 656 658 681 682 683 684 685 686 693 814 815 816 959 989 1096 1099 1121 1120 1156 1155 1154 1153 1145 1141 1136 1115 1114 1113 1109 1102 1108 1107 1106 1101 1093 1076 1075 990 975 963 949 932 931 930 929 928 907 826 783 782 781 780 779 769 466 467 461 460 459 439 438 240 241 217 232 18 
0 10 29 30 31 32 36 237 238 423 424 437 444 445 446 447 448 449 694 695 705 696 697 706 707 708 771 770 776 774 772 773 775 791 792 793 790 789 908 909 910 911 912 913 927 933 938 948 947 946 945 944 943 942 961 968 967 966 856 853 852 851 850 832 833 845 846 847 848 849 864 863 531 862 844 843 842 841 840 822 817 821 820 819 827 828 834 839 835 510 509 508 507 506 505 504 503 502 501 318 525 324 529 331 330 329 526 328 527 323 321 317 316 305 300 301 304 303 486 290 289 273 274 275 276 270 261 260 259 251 252 256 257 224 225 226 229 15 
0 14 254 281 283 284 285 292 298 299 306 314 315 320 326 322 336 349 348 347 363 364 547 537 538 539 536 540 541 546 542 530 333 334 535 543 544 549 559 556 555 554 553 552 551 548 550 560 576 575 574 573 379 378 381 377 376 369 375 374 373 567 370 372 371 387 386 401 402 403 404 405 406 146 145 144 142 143 174 199 353 354 352 351 350 340 341 338 309 307 210 209 208 189 188 187 186 185 184 183 182 181 152 151 150 149 148 147 219 141 140 
0 27 60 61 62 63 64 65 67 84 81 82 83 92 66 93 94 105 106 107 108 109 110 111 112 113 627 130 131 661 676 746 754 755 756 757 758 810 748 752 753 802 803 804 805 806 808 811 812 813 924 925 926 958 957 956 955 965 980 979 991 1078 1079 1077 1081 1095 1090 1089 1088 1087 1086 1085 1084 1083 1072 993 985 974 973 962 972 971 970 969 960 855 831 830 829 825 824 823 784 778 777 482 481 468 458 457 456 451 239 218 231 16 
0 235 236 425 426 427 428 429 430 431 432 433 434 435 615 616 617 698 699 700 701 702 703 704 734 733 739 740 741 742 743 787 788 744 745 799 801 800 918 919 920 941 954 981 982 983 984 987 988 1097 1098 1117 1110 1116 1118 1119 1137 1135 1134 1140 1133 1132 1131 1139 1143 1138 1130 1111 1112 1105 1104 1103 1092 1091 1082 1074 1073 1021 1020 1080 1013 1008 1002 1003 1004 1005 1006 1001 1000 999 998 997 994 854 818 497 480 479 478 469 455 454 268 453 242 246 220 
0 222 248 264 265 266 267 472 485 491 492 493 500 511 836 837 838 859 860 532 861 865 873 874 872 1022 1035 1036 1037 1038 1039 1040 1041 1123 1146 1122 1147 1151 1142 1148 1149 1150 1144 1152 1157 1167 1170 1171 1172 1169 1168 1166 1165 1164 1094 1163 1162 1161 1160 1159 1158 1071 1059 1070 1069 1068 1065 1067 1066 1058 1057 1064 1063 1062 1061 1060 906 905 904 897 896 891 886 885 884 590 558 557 545 533 325 519 518 517 516 515 514 302 294 293 288 287 286 277 278 279 258 253 255 

the actuall costs is 7758.26
the using frequency of each operators in EAX is following
the percentage of or-insert is 0.528905
the percentage of or-swap is 0.471095
all percentage of each operator is following 
0.475971  0.0382637  0.00852959  0.00326008  0.00158788  0.000702602  0.000590186  
0.215952  0.0380108  0.0103142  0.00380811  0.00148952  0.000716654  0.00047777  
0.0265162  0.0321089  0.0128998  0.00562082  0.00223428  0.00112416  0.000674498  
0.00636558  0.0134338  0.0143331  0.00722275  0.00354112  0.00179866  0.00108201  
0.00193918  0.00625316  0.0068855  0.00740543  0.0034568  0.00233264  0.00157383  
0.000899331  0.00251532  0.00399078  0.00389242  0.00524141  0.00289472  0.00219212  
0.000885279  0.00195323  0.00248721  0.00279636  0.00382216  0.00519926  0.0027542  


