the best solution's fitness is 
13032.3
the time when getting the optimal solution is 
2816
the sequence of best solution is following
0 13 200 201 202 203 204 205 206 254 253 258 259 260 261 262 270 276 277 278 279 280 281 282 209 190 191 192 170 143 142 144 145 146 406 405 404 403 402 401 390 387 371 372 373 374 375 369 368 562 563 565 566 555 554 553 552 548 538 537 547 364 363 359 345 346 347 348 349 336 527 328 526 329 330 331 529 530 333 325 521 522 523 524 511 834 835 839 836 837 838 327 528 858 859 860 532 861 531 862 863 864 994 997 998 999 1000 1001 996 1033 1034 1035 1036 1042 1045 1050 1051 1052 1053 1043 1046 1054 1058 1066 1067 1065 1068 1069 1070 1059 1071 1158 1147 1151 1148 1142 1138 1139 1143 1149 1150 1144 1140 1134 1133 1132 1131 1111 1130 1129 1127 1128 1124 1126 1100 1021 1020 1080 972 971 970 969 961 968 967 966 960 855 856 854 849 848 853 852 847 846 851 850 845 833 832 830 831 826 829 825 824 823 822 821 817 784 780 779 778 777 769 710 465 449 448 447 446 450 445 444 443 442 441 440 439 438 436 240 241 215 216 217 218 221 222 223 228 17 
0 16 230 227 220 246 244 243 242 239 452 268 453 470 471 472 473 474 475 476 469 455 454 451 456 457 458 459 460 461 462 464 463 466 467 468 478 477 483 479 480 481 482 497 818 819 820 827 828 840 841 842 843 844 865 872 874 873 871 870 869 866 868 867 557 558 549 556 559 561 568 571 569 570 589 893 894 895 896 897 898 899 906 905 904 903 902 901 900 599 598 597 596 588 587 586 585 584 583 582 581 398 389 379 378 381 377 376 388 397 396 395 399 394 400 393 392 391 386 385 384 383 382 380 214 212 211 199 198 197 196 340 338 341 350 351 352 354 356 357 355 342 343 344 339 337 195 194 332 166 169 165 193 313 314 315 320 316 317 321 326 322 323 514 515 516 517 518 519 520 513 512 504 505 506 507 508 509 510 500 499 496 495 494 493 492 491 498 490 487 489 488 485 484 486 290 289 293 294 302 301 300 299 298 292 297 296 295 291 283 284 285 286 287 288 275 274 273 272 271 269 267 266 265 263 264 245 247 248 249 250 251 252 255 256 257 224 225 226 229 15 14 
0 1 2 3 4 5 8 21 22 23 24 25 26 37 40 41 42 43 51 44 52 45 46 47 53 48 49 55 56 84 85 86 600 604 605 606 601 602 607 608 609 610 603 611 612 613 614 624 623 701 700 699 698 697 706 707 708 716 717 718 719 735 736 737 738 785 786 793 794 795 796 797 798 788 787 743 744 745 753 752 751 750 749 678 680 677 679 659 658 657 656 655 654 653 652 644 643 629 627 113 112 111 110 104 97 98 96 99 100 101 103 102 114 115 116 119 120 129 136 135 134 133 660 674 675 673 672 671 670 669 668 667 664 665 666 687 689 688 692 690 691 693 686 685 747 764 759 760 765 766 761 762 767 768 763 758 810 809 807 923 924 925 926 958 957 956 983 982 981 980 965 955 954 940 939 952 951 950 963 949 938 948 947 946 945 944 943 942 928 929 930 931 932 933 927 913 912 911 910 909 908 907 789 790 792 791 775 773 772 774 783 782 781 776 771 715 714 770 713 712 711 709 705 696 695 694 435 434 433 432 431 430 429 428 427 426 437 425 424 423 422 238 237 236 235 234 233 232 231 19 18 
0 6 7 20 27 28 34 35 38 57 58 59 60 61 62 407 63 64 65 408 409 67 50 54 68 69 70 80 73 71 72 81 87 88 89 90 91 92 66 93 94 83 82 74 75 76 77 78 79 95 105 106 107 108 109 630 632 631 645 633 634 635 636 637 638 639 640 642 641 628 130 131 132 128 121 122 123 124 125 117 126 118 127 139 138 137 663 662 661 676 684 683 682 681 746 754 755 756 757 748 802 803 804 805 806 808 811 812 813 814 815 816 959 984 987 988 989 1096 1097 1099 1098 1117 1110 1116 1102 1109 1108 1107 1106 1101 1093 1084 1085 1086 1087 1088 1089 1090 1095 1081 1077 1079 1078 991 1076 1075 992 977 978 979 964 953 941 922 921 920 919 918 937 936 935 934 914 915 916 917 800 801 799 730 729 728 731 727 726 732 742 741 740 739 733 734 720 721 722 723 724 725 651 650 649 648 647 646 625 704 703 702 626 622 621 620 619 618 617 616 615 421 420 419 418 417 416 415 414 413 412 411 410 39 36 33 32 31 30 29 11 10 9 
0 12 175 176 177 207 178 179 180 181 182 183 184 185 186 187 188 189 208 210 307 309 319 310 311 312 308 306 305 304 303 501 502 503 318 525 324 536 539 540 541 546 542 543 544 535 334 533 335 857 534 545 875 876 877 878 879 880 881 995 1022 1023 1024 1025 1026 1006 1005 1004 1003 1002 1008 1009 1010 1011 1012 1017 1016 1018 1019 1015 1014 1013 973 962 974 985 975 986 976 990 993 1072 1073 1074 1082 1083 1091 1092 1103 1104 1105 1112 1113 1114 1115 1136 1135 1141 1145 1152 1153 1154 1137 1119 1118 1121 1120 1156 1155 1170 1171 1172 1169 1168 1167 1166 1165 1157 1094 1164 1163 1162 1161 1160 1159 1122 1146 1123 1125 1032 1030 1029 1007 1028 1027 1031 1037 1038 1039 1040 1041 1044 1047 1056 1055 1057 1064 1063 1062 1061 1060 1049 1048 892 890 889 888 883 887 891 886 882 885 884 590 591 592 593 594 595 580 579 578 572 577 576 575 573 574 564 560 551 550 367 366 365 362 361 360 358 567 370 353 213 174 173 172 171 168 164 163 167 162 161 160 159 158 157 156 155 154 153 152 151 150 149 148 147 219 141 140 

the actuall costs is 13032.3
the using frequency of each operators in EAX is following
the percentage of or-insert is 0.603499
the percentage of or-swap is 0.396501
all percentage of each operator is following 
0.577304  0.0225739  0.00223387  0.000728949  0.000376232  0.00021163  7.05434e-05  
0.220213  0.0434783  0.00449126  0.00164601  0.000540833  0.000188116  0.000117572  
0.0270887  0.0196581  0.00656054  0.003245  0.00089355  0.000446775  0.000329203  
0.0021163  0.00728949  0.00630188  0.00601971  0.00268065  0.00131681  0.00105815  
0.000470289  0.00446775  0.00474992  0.0035742  0.00218685  0.00155196  0.000917064  
0.000282174  0.00115221  0.00232793  0.00275119  0.00251605  0.00148141  0.0012933  
0.000399746  0.000870036  0.0014579  0.00171656  0.00199873  0.00209279  0.00256308  


