the best solution's fitness is 
20813.8
the time when getting the optimal solution is 
2816
the sequence of best solution is following
0 2 9 10 11 29 30 31 28 32 33 34 35 36 237 236 235 234 233 232 231 227 225 224 257 256 255 252 251 250 249 248 247 245 246 242 239 243 244 264 263 270 279 278 277 276 275 274 273 269 272 271 486 290 289 288 287 286 285 284 283 291 295 296 297 292 298 299 300 301 293 294 303 302 304 305 306 308 312 311 310 319 165 169 166 332 195 194 193 313 314 315 316 320 326 322 321 317 514 525 318 515 516 517 518 519 512 513 520 521 522 325 334 535 544 543 542 546 541 540 536 539 538 537 547 548 550 551 560 552 553 554 555 556 559 570 561 569 568 571 566 565 564 563 562 368 367 366 365 364 349 348 347 346 363 362 361 360 358 359 355 341 340 350 351 352 353 354 356 357 567 370 371 387 372 373 374 375 369 376 377 388 381 378 379 389 573 574 575 576 577 572 578 579 580 595 594 593 592 591 590 884 885 891 886 882 878 879 880 881 995 1022 996 1023 1024 1025 1026 1031 1027 1028 1007 1006 1012 1011 1010 1018 1019 1021 1072 993 985 974 963 975 986 976 977 978 964 979 991 1078 1079 1077 1081 1095 1090 1098 1118 1119 1121 1120 1137 1156 1155 1170 1171 1172 1169 1168 1167 1166 1165 1157 1094 1164 1163 1162 1161 1160 1159 1122 1146 1123 1125 1126 1124 1128 1129 1127 1100 1032 1040 1043 1039 1038 1037 1036 1035 1042 1034 1033 1048 906 905 904 903 902 901 900 599 598 597 596 588 587 586 585 584 583 582 581 398 397 396 395 399 394 400 393 392 391 401 402 390 385 386 384 383 382 380 403 404 405 406 146 145 144 142 143 214 213 212 211 199 174 173 198 197 196 172 171 170 164 168 192 191 167 163 162 190 209 210 208 189 161 160 188 187 159 158 186 185 157 156 184 183 155 154 182 181 153 152 180 179 151 150 149 148 147 219 141 140 
0 14 15 16 17 18 19 230 229 228 226 223 222 221 220 218 217 216 215 241 240 422 423 424 436 438 439 451 454 455 456 469 457 458 459 460 461 464 462 468 480 479 478 483 477 476 475 474 484 488 501 502 503 504 505 506 507 508 509 523 524 327 528 858 859 860 532 861 531 862 863 864 865 872 874 873 871 870 869 866 868 867 875 876 877 883 887 888 889 890 892 1060 1061 1062 1063 1064 1057 1066 1067 1065 1068 1069 1070 1059 1071 1158 1147 1151 1148 1142 1138 1130 1111 1112 1106 1101 1105 1104 1103 1092 1091 1083 1082 1074 1073 1020 1009 1008 1002 1003 1004 1005 1001 1000 999 998 997 994 854 849 848 847 846 845 833 830 831 855 960 942 928 929 930 943 944 945 946 947 948 949 934 935 936 951 952 953 940 939 920 919 918 800 801 799 802 803 804 805 809 763 768 767 762 761 766 765 760 759 764 747 685 686 693 691 690 692 688 689 687 666 665 664 667 668 669 670 661 133 134 129 135 136 137 662 663 138 139 127 118 126 117 125 124 123 122 121 120 128 119 116 115 114 627 113 112 111 110 109 108 107 106 105 94 93 66 92 83 82 91 90 89 88 87 86 85 84 600 604 605 606 601 602 607 608 609 610 603 611 612 613 614 631 632 645 625 646 647 648 649 650 651 652 653 644 643 654 655 656 730 729 728 727 731 742 741 740 739 786 785 738 733 734 737 736 735 719 718 717 716 708 715 771 776 825 824 823 822 821 820 817 784 770 712 713 714 706 707 699 698 697 696 705 695 694 449 448 447 446 450 445 444 443 442 441 440 437 425 426 427 428 429 416 415 414 413 412 411 410 39 238 38 57 58 59 60 61 62 407 63 64 408 409 65 55 49 48 53 47 46 45 52 44 51 43 42 41 40 37 26 25 24 23 22 27 21 20 8 7 6 5 4 3 1 
0 12 175 176 177 178 207 280 281 282 307 309 338 342 343 344 339 345 337 336 323 527 328 526 329 324 330 331 529 530 333 533 335 857 534 545 549 558 557 589 893 894 895 896 897 898 899 1049 1045 1050 1051 1052 1053 1046 1054 1058 1055 1056 1047 1044 1041 1030 1029 1017 1016 1015 1014 1013 1080 973 962 972 971 970 969 961 968 967 966 856 853 852 851 850 832 829 826 907 908 909 910 911 912 931 932 938 933 927 913 914 915 916 917 937 950 990 1075 992 1076 1084 1093 1085 1086 1087 1088 1089 1102 1109 1108 1107 1113 1114 1134 1140 1133 1132 1131 1139 1143 1149 1150 1144 1152 1153 1154 1145 1141 1135 1136 1115 1116 1110 1117 1099 1097 1096 989 988 987 984 983 982 981 980 965 956 955 954 941 921 922 923 924 925 926 957 958 959 816 815 814 813 812 811 808 807 806 810 758 757 756 755 754 748 753 752 751 750 749 657 658 659 679 678 680 681 682 746 683 684 676 671 672 673 677 675 674 660 132 131 130 628 641 642 640 629 639 638 637 636 635 634 633 630 104 103 102 101 100 99 96 98 97 95 79 78 77 76 75 74 72 71 73 81 80 70 69 68 54 50 56 67 421 420 419 418 417 430 431 432 433 434 435 615 616 617 618 619 620 621 622 623 624 626 700 701 702 703 704 720 721 722 723 724 725 726 732 743 744 745 788 787 798 797 796 795 794 793 792 791 790 789 775 773 772 774 783 782 781 780 779 778 777 769 711 709 710 465 466 463 467 481 482 497 818 819 827 828 840 841 842 843 844 838 837 836 839 835 834 511 510 500 499 496 495 494 493 492 491 498 490 487 489 485 473 472 471 470 453 268 452 267 266 265 262 261 260 259 258 253 254 206 205 204 203 202 201 200 13 

the actuall costs is 20813.8
the using frequency of each operators in EAX is following
the percentage of or-insert is 0.618694
the percentage of or-swap is 0.381306
all percentage of each operator is following 
0.59218  0.0217768  0.00339379  0.00113126  0.00017676  3.53519e-05  0  
0.254428  0.0198324  0.00470181  0.00109591  0.000353519  0.000318167  0.000212112  
0.0122671  0.0172871  0.00424223  0.00173224  0.000883798  0.000530279  0.000494927  
0.00229788  0.00562096  0.0116661  0.00286351  0.00141408  0.000989854  0.000600983  
0.000777742  0.00197971  0.00357054  0.00530279  0.00212112  0.00106056  0.00116661  
7.07039e-05  0.000565631  0.00134337  0.00155548  0.00236858  0.00236858  0.00180295  
0.000106056  0.000636335  0.00130802  0.00162619  0.00300491  0.00222717  0.00250999  


