the best solution's fitness is 
10835
the time when getting the optimal solution is 
7294
the sequence of best solution is following
0 367 374 375 376 596 594 593 585 604 605 606 607 608 609 839 852 858 859 860 872 1025 1026 1027 1039 1040 1127 1135 1136 1128 1137 1129 1138 1319 1321 1320 1322 1323 1312 1313 1314 1315 1316 1871 1870 1887 1879 1877 1876 1875 1878 1976 1977 2100 2101 2116 2117 2118 2119 2123 2120 2111 2105 2110 2104 2109 2103 2102 2008 2009 2010 2011 2012 2013 2004 1999 1998 1997 1989 1908 1907 1906 1905 1338 1339 1349 1348 1333 1331 1332 1334 1160 1159 1146 1046 914 907 910 729 734 740 735 739 738 737 736 474 473 472 471 470 469 459 464 465 466 467 441 442 443 444 445 446 447 448 421 262 261 260 259 258 252 251 240 239 221 220 219 218 217 215 
0 161 160 182 538 523 758 760 769 770 950 953 960 961 1049 1048 1047 1058 1193 1194 1195 1189 1184 1183 1182 1181 1385 1386 1387 1380 1381 1373 1465 1466 1391 1402 1404 1405 1406 1401 1392 1393 1491 1484 1485 1486 1487 1488 1489 1478 1473 1472 1479 1471 1470 1469 1603 1601 1602 1604 1589 1588 1625 2354 2356 2371 2370 2379 2340 2339 2343 2342 2341 2294 2305 2304 2302 2310 2313 2311 2312 2298 2314 2315 2414 2318 2316 2317 2319 2324 2320 2325 2321 2322 2323 2350 2349 2346 2389 2388 2390 2391 2392 2393 2394 2395 2410 2546 2566 2567 2568 2550 2528 2529 2530 2531 2532 2517 2482 2481 2453 2452 2362 2430 2429 1657 1637 1636 1635 1634 1633 1632 1649 1648 1647 1646 1506 1527 1528 1534 1535 1536 1537 1538 1422 1421 1420 1419 1428 1432 1431 1227 1213 1217 1218 1220 1078 1077 1068 969 968 777 521 526 529 328 
0 1 20 21 22 23 24 25 26 27 40 45 46 48 49 51 63 64 65 66 78 79 80 81 138 139 83 84 85 86 253 254 263 264 265 282 281 280 279 278 277 276 275 141 142 143 106 105 104 103 102 101 111 91 92 93 94 95 96 107 97 108 109 110 113 112 299 302 303 510 509 508 507 506 505 504 503 502 501 500 499 746 744 743 742 741 728 727 726 725 747 748 749 750 751 752 753 931 928 929 936 927 926 925 935 924 923 909 908 913 906 905 904 903 902 901 717 719 718 716 688 692 693 694 695 696 697 701 700 698 699 677 676 645 646 648 649 647 651 650 652 653 664 666 667 665 663 662 661 660 630 408 407 406 405 404 403 402 401 400 393 392 396 397 384 385 387 388 213 211 195 194 193 30 15 14 
0 331 556 547 782 793 977 980 1241 1242 1232 1435 1436 1437 1438 1439 1440 1430 1423 1424 1426 1540 1539 1518 1515 1511 2436 1705 1706 1707 1709 1710 1759 1760 1761 1763 2443 2464 2511 2512 2514 2515 2845 2849 2872 2873 2874 2875 2876 2979 2922 2923 2901 2879 2857 2847 2858 2880 2902 2924 2925 2903 2904 2881 2882 2905 2906 2928 2927 2926 2947 2948 2949 2950 2929 2907 2908 2930 2931 2952 2951 2972 2971 2970 2969 2968 2967 2946 2945 2966 2965 2944 2943 2964 2963 2962 2961 2960 2959 2938 3033 2958 2624 2623 2622 2621 2620 2619 2618 2617 2616 2615 2593 2592 2591 2590 2589 2569 2548 2526 2406 2403 2374 2375 2376 2377 2378 2336 2337 2338 2293 2285 2267 2274 1609 1571 1572 1573 1574 1580 1550 1560 1559 1448 1449 1450 1458 1459 1462 1403 1200 1203 1198 1064 1055 958 774 763 535 325 335 
0 170 196 199 348 360 355 364 572 576 577 578 803 804 805 828 845 846 847 848 849 1022 1030 1083 1103 1104 1271 1273 1268 1267 1819 1820 1821 1832 1835 1839 1840 1947 1950 1951 1952 1958 1965 1966 1967 2069 2070 2029 2081 2080 2139 2138 2185 2184 2183 2182 2186 2190 2199 2209 2210 2200 2212 2213 2734 2735 2252 2736 2737 2738 2253 2254 2235 2234 2233 2232 2231 2211 2214 2215 2216 2217 2218 2219 2236 2237 2255 2741 2740 2739 2744 2751 2750 2749 2748 2747 2746 2745 2780 2666 2655 2654 2657 2658 2659 2207 2197 2196 2206 2205 2195 2181 2137 2074 2075 2076 2077 2078 2061 2063 2024 2023 1946 1943 1929 1928 1927 1926 1925 1924 1923 1916 1833 1827 1768 1718 1715 1714 1015 1014 1013 825 850 812 813 814 815 816 821 822 797 552 570 560 561 562 361 362 169 
0 342 518 759 764 775 959 964 1226 1204 1205 1201 1407 1400 1394 1492 1482 1480 1468 1605 1606 1607 1463 1561 1549 1548 1547 1546 1545 1544 1541 1586 1576 1566 1565 2269 2270 2268 2262 2261 2259 2278 2286 2297 2296 2299 2300 2301 2309 2308 2327 2326 2348 2347 2351 2352 2353 2413 2412 2565 2547 2525 2498 2477 2469 2470 2471 2478 2499 2500 2479 2480 2501 2502 2503 2504 2505 2520 2521 2537 2560 2579 2582 2580 2581 2626 2564 2541 2522 2513 2492 2493 2474 2667 2668 2669 2633 2672 2635 2673 2674 2675 2676 2677 2678 2679 2680 2640 2639 2637 2636 2631 2630 2166 2165 2164 2125 1809 1791 1754 1790 1789 1788 1743 1742 1739 1694 1693 1692 1691 1690 1689 1688 1678 1250 1249 1248 1247 1246 1245 1252 1253 996 981 978 794 781 780 546 542 543 176 178 166 
0 564 563 558 1004 1729 1736 1740 1781 1803 2032 2130 2132 2175 2665 2647 2648 2649 2709 2724 2726 2729 2731 2982 2980 2983 2981 2984 2985 2986 2987 2988 2989 2990 2991 3001 3002 3003 3004 3005 3006 3007 3008 3009 3010 3011 3012 3037 3036 3032 3031 3030 3028 3029 3027 3026 3024 3025 3023 3022 3020 3021 3019 3017 3016 3015 3014 3013 2937 2936 2935 2934 2933 2909 2885 2884 2883 2848 2703 2702 2701 2700 2699 2698 2697 2696 2694 2693 2692 2691 2494 2473 2463 2462 2461 2438 2437 2424 2423 1671 1669 1653 1638 1645 1505 1529 1416 1214 1216 1219 1072 971 790 540 
0 165 338 330 545 541 779 788 791 792 973 974 975 976 1074 1082 1215 1229 1228 1230 1231 1433 1429 1418 1531 1533 1508 1509 1510 1643 1642 1640 1641 1681 1708 1753 1752 1751 1755 1756 1793 1811 1794 1795 2634 2681 2695 2846 2850 2851 2852 2853 2854 2855 2856 2878 2877 2899 2921 2942 2941 2920 2898 2897 2919 2940 2939 2918 2896 2900 2895 2917 2894 2871 2870 2869 2916 2545 2544 2543 2542 2583 2603 2602 2601 2600 2599 2598 2597 2596 2595 2575 2574 2573 2625 2552 2551 2527 2516 2497 2476 2475 2496 2495 2468 2446 2400 2401 2363 2364 2365 2366 2367 2368 2369 2333 2332 2334 2335 2277 2265 2264 2263 2271 2272 2273 1570 1569 1568 1567 1575 1582 1584 1585 1583 1542 1543 1552 1553 1554 1555 1556 1558 1557 1447 1457 1456 1455 1370 1369 1371 1372 1382 1388 1185 1188 1196 1061 1056 1052 963 956 955 954 771 515 524 183 163 10 
0 174 340 329 530 528 527 539 778 789 970 1069 1070 1071 1079 1080 1221 1210 1211 1212 1415 1413 1414 1399 1502 1501 1500 1499 1526 1504 1503 1626 1627 1628 1629 1661 1650 1660 1659 1658 1651 1652 1656 1655 1668 1667 1666 1665 1664 1663 1662 1631 1630 2396 2415 2416 2427 2428 2417 2418 2419 2420 2421 2422 2433 2454 2455 2483 2519 2535 2534 2556 2557 2558 2536 2559 2578 2577 2576 2594 2614 2613 2612 2611 2610 2609 2608 2588 2587 2607 2606 2586 2585 2605 2604 2584 2411 2409 2408 2405 2387 2386 2385 2384 2383 2382 2381 2380 2344 2345 2306 2307 2303 2295 2290 2289 2288 2287 2279 2280 2281 2282 2283 2291 2292 2284 2260 2266 2275 2276 1610 1611 1612 1613 1614 1615 1616 1617 1618 1619 1622 1623 1593 1595 1594 1475 1476 1496 1495 1494 1493 1398 1412 1411 1410 1409 1209 1208 1207 1222 1223 1224 1076 1075 1067 966 967 952 768 766 520 531 532 327 333 341 173 164 
0 134 175 339 184 337 332 345 544 568 557 554 549 784 820 796 982 983 998 999 1000 1001 1002 1003 1005 1006 1007 1674 1675 1676 1685 1723 1725 1731 1734 1773 1774 1775 1776 1799 1800 1919 1932 1933 1934 1935 1922 1921 1920 1826 1813 1812 1256 1102 1084 1085 1086 1087 1034 1035 1036 1091 1092 1110 1111 1112 1113 1117 1285 1284 1282 1287 1288 1289 1297 1302 1115 1114 1042 1029 1028 877 856 637 638 639 640 641 642 675 654 715 714 711 712 468 476 475 483 486 305 304 144 145 148 147 146 150 151 152 153 126 125 124 123 122 121 120 118 119 117 116 115 114 300 301 291 290 289 288 287 286 285 284 274 273 272 271 270 269 268 267 266 250 249 248 247 246 245 244 243 242 241 137 62 61 60 59 58 57 43 44 42 39 38 37 36 35 34 33 32 31 19 18 17 
0 16 190 191 192 210 212 227 228 229 230 231 226 232 233 234 235 431 399 398 417 416 415 414 413 412 411 628 432 433 434 435 436 437 438 670 671 672 674 449 457 458 463 462 461 460 485 484 482 481 480 479 478 314 315 316 317 318 319 320 321 322 323 512 514 757 756 755 754 932 933 930 937 947 946 948 949 1166 1165 1164 1163 1162 1171 1172 1173 1174 1175 1176 1352 1346 1347 1341 1898 1897 1896 1895 1894 1893 1888 1889 1337 1336 1335 1330 1329 1328 1158 1157 1156 1155 1144 1143 1142 1141 1140 1139 1044 898 897 896 895 894 893 892 1119 1132 1131 1116 1101 1097 1096 1094 1095 1093 1038 1037 1024 871 870 869 868 857 840 841 837 836 838 612 617 618 619 620 621 622 626 627 603 391 380 379 378 377 381 372 371 368 209 208 206 205 204 203 197 187 
0 167 181 179 346 349 567 555 550 551 786 819 984 985 986 988 989 990 991 992 824 1673 1682 1683 1684 1720 1719 1722 1769 1797 1770 1771 1772 1798 1814 1815 1816 1817 1818 1828 1917 1918 1834 1830 1831 1829 1822 1823 1824 1280 1281 1283 1299 1301 1133 891 883 884 885 886 887 888 889 890 687 691 702 489 490 491 492 493 494 745 495 496 497 498 511 513 159 158 157 156 131 132 155 130 129 128 127 154 311 310 309 308 149 307 306 313 312 477 487 488 298 297 296 295 294 293 292 283 140 100 90 89 99 98 88 87 77 76 75 74 73 82 72 71 70 69 68 56 55 54 53 52 50 47 41 29 28 9 8 7 6 5 4 3 2 
0 67 216 224 225 255 256 257 426 425 424 423 422 440 439 668 669 644 673 450 451 452 453 454 455 456 713 710 709 708 707 706 705 704 703 690 689 733 732 731 730 720 721 722 723 724 911 912 1161 1170 1362 1361 1360 1350 1351 1340 1890 1899 1904 1992 1991 2000 2001 2002 2005 2015 2014 2106 2107 2108 2113 2112 2121 2122 2124 2230 2229 2228 2227 2226 2148 2225 2224 2223 2146 2115 2114 2099 2007 2006 2003 1874 1873 1872 1318 1317 1327 1326 1325 1324 1154 1148 1153 1152 1151 1150 1149 1147 1130 1125 1124 1123 1122 1121 1120 1041 876 875 874 873 861 854 853 632 614 613 611 610 623 624 591 592 382 207 188 
0 189 198 390 389 386 383 395 394 420 419 418 625 616 615 631 658 657 633 634 862 863 864 865 866 867 880 881 882 679 678 680 681 682 683 684 685 686 922 899 921 900 920 919 918 917 916 915 1045 1145 938 939 934 940 941 942 943 944 945 1167 1168 1169 1179 1178 1177 1359 1358 1357 1356 1355 1354 1353 1342 1343 1344 1345 1892 1891 1900 1901 1902 1903 1915 1914 1913 1912 1911 1910 1909 1990 1996 1995 1994 1993 1987 1986 1985 1980 1984 1983 1982 1979 1970 1971 1885 1881 1882 1883 1864 1865 1309 1862 1851 1850 1849 1294 1295 1293 1292 1291 1290 1298 1300 1286 1279 1278 1277 1276 1109 1108 1107 1106 1100 1099 1098 1764 1020 1019 1010 844 843 827 808 809 810 802 801 800 799 798 574 573 571 559 354 353 352 351 347 168 
0 171 186 201 202 358 357 356 366 369 601 600 599 598 597 587 586 582 583 584 830 831 832 833 834 835 851 1023 1031 1032 1033 1088 1089 1090 1837 1841 1859 1858 1857 1856 1855 1949 1953 1954 1955 1956 1957 1959 1968 2027 2028 2082 2140 2141 2142 2220 2238 2239 2240 2256 2743 2742 2754 2769 2770 2771 2772 2773 2788 2789 2774 2775 2790 2776 2777 2778 2767 2766 2765 2762 2761 2760 2759 2758 2757 2756 2755 2257 2242 2241 2221 2143 2144 2098 2097 2031 2030 1988 1975 1974 1973 1972 1884 1880 1886 1869 1868 1867 1866 1310 1311 1308 1296 1307 1306 1305 1304 1303 1134 1126 1118 1043 879 878 855 636 635 643 655 656 659 629 409 410 427 428 429 430 238 237 236 223 222 214 136 13 
0 334 326 534 533 522 519 765 776 965 1065 1066 1225 1206 1202 1408 1395 1396 1397 1490 1477 1474 1591 1592 1624 1621 1620 2372 2373 2402 2404 2407 2523 2524 2549 2572 2570 2571 2553 2554 2555 2533 2518 2484 2458 2459 2460 2439 2440 1762 1758 1757 1792 1810 2149 2150 2151 2152 2153 2154 2155 2170 2171 2638 2642 2641 2705 2706 2707 2714 2715 2717 2719 2721 2723 2861 2862 2863 2888 2911 2912 2913 2914 2891 2890 2889 2864 2865 2866 2867 2892 2915 2893 2868 2733 2732 2710 2653 2652 2660 2651 2650 2661 2662 2663 2664 2202 2192 2193 2203 2204 2194 2188 2179 2178 2135 2059 2045 2044 2043 2042 2041 2040 2039 2022 2019 2018 1802 1801 1780 1779 1778 1777 1738 1737 1733 1732 1730 1728 1724 1687 1686 1677 1008 994 987 817 818 553 569 565 566 350 11 
0 972 1073 1081 1434 1417 1530 1532 1507 1644 1639 1654 1670 1672 1711 1712 1713 2441 2442 2444 2467 2670 2671 2682 2683 2684 2685 2686 2687 2688 2689 2690 2704 2711 2712 2713 2859 2860 2886 2887 2910 2932 2953 2973 2974 2975 2954 2955 2976 2977 2956 2957 2978 3034 3035 3018 2827 2824 2825 2800 2801 2814 2802 2803 2804 2815 2831 2834 2816 2805 2786 2785 2784 2753 2752 2783 2799 2798 2782 2797 2796 2795 2794 2793 2730 2728 2727 2725 2722 2720 2718 2716 2708 2646 2645 2644 2643 2174 2173 2172 2156 2131 2129 2128 2127 2126 1806 1805 1804 1783 1782 1741 1735 1238 1240 1251 997 785 
0 12 200 575 811 823 993 1717 1721 1726 1727 2060 2062 2136 2180 2187 2198 2208 2656 2781 2819 2820 2821 2826 2822 2823 2828 2829 2830 2832 2833 2992 2993 2994 2995 2996 2997 2998 2999 3000 2844 2842 2841 2843 2840 2839 2818 2838 2837 2836 2835 2817 2806 2787 2807 2808 2809 2810 2811 2812 2813 2791 2792 2779 2768 2763 2764 2258 2251 2250 2249 2248 2247 2246 2245 2244 2243 2222 2147 2145 1275 1274 1105 1021 1012 829 595 373 
0 180 177 344 548 783 787 795 979 995 1255 1254 1243 1244 1239 1233 1234 1235 1236 1237 1441 1442 1425 1427 1695 1696 1697 1698 1699 1512 1680 1701 1702 1703 1704 1745 1750 1749 1808 1807 2046 2047 2048 2049 2035 2036 2050 2051 2037 2038 2052 2053 2054 2055 2056 2057 2058 2133 2134 2189 2191 2201 2177 2176 2163 2162 2161 2160 2159 2158 2157 2169 2168 2167 2629 2632 2628 2627 2445 2466 2465 2491 2490 2489 2488 2509 2510 2540 2563 2562 2561 2538 2539 2508 2487 2486 2507 2506 2485 2472 2457 2456 2435 2434 2432 2431 2451 2450 2449 2448 2447 2426 2425 2398 2399 2397 2361 2360 2359 2358 2357 2355 2329 2330 2331 2328 1577 1578 1579 1581 1551 1562 1446 1445 1444 1443 1452 1451 1454 1453 1363 1364 1365 1366 1367 1368 1379 1378 1377 1376 1384 1180 1190 1191 1192 1059 1060 1051 962 772 761 516 537 343 172 
0 133 162 336 324 536 525 517 762 767 773 951 957 1054 1053 1050 1057 1062 1063 1199 1197 1187 1186 1390 1389 1383 1375 1374 1461 1460 1464 1483 1481 1467 1608 1564 1563 1587 1590 1600 1599 1598 1597 1596 1497 1498 1525 1524 1523 1522 1521 1520 1519 1516 1517 1514 1513 1679 1700 1744 1746 1747 1748 1787 1786 1785 1784 2016 2017 2033 2034 2020 2021 1936 1937 1938 1939 1940 1941 1942 1930 1931 1944 1945 1948 1961 1962 1963 1960 1964 2025 2026 2064 2065 2066 2067 2068 2073 2072 2071 2079 2090 2091 2092 2093 2094 2095 2096 2089 2088 2087 2086 2085 2084 2083 1981 1978 1969 1863 1860 1861 1852 1853 1854 1848 1847 1846 1845 1844 1843 1842 1838 1836 1825 1266 1265 1264 1263 1262 1261 1260 1259 1258 1257 1269 1270 1272 1796 1767 1766 1765 1716 1018 1017 1016 1011 1009 842 826 807 806 581 580 579 588 589 590 602 370 365 359 363 185 135 

the actuall costs is 10835
the using frequency of each operators in EAX is following
the percentage of or-insert is 0.460047
the percentage of or-swap is 0.539953
all percentage of each operator is following 
0.416021  0.0310454  0.00757458  0.0029987  0.00120363  0.00077821  0.000425422  
0.21047  0.0513411  0.0131258  0.00433722  0.00184695  0.00100649  0.000726329  
0.0269987  0.0441816  0.0170895  0.00783398  0.00286381  0.00168093  0.000923476  
0.00626719  0.018594  0.0185318  0.0093489  0.00501167  0.00227237  0.00162905  
0.0020856  0.00805188  0.0089546  0.0093904  0.00555123  0.00395331  0.00215824  
0.000861219  0.00372503  0.00480415  0.00640208  0.00583139  0.00399481  0.00293645  
0.000508431  0.0020441  0.00282231  0.004607  0.0054786  0.00520882  0.00450324  


