the best solution's fitness is 
51085.3
the time when getting the optimal solution is 
5744
the sequence of best solution is following
0 8 9 22 23 24 25 26 36 37 38 39 40 41 42 43 44 46 47 48 49 50 51 52 53 54 55 56 57 58 59 60 61 62 63 64 65 66 67 68 69 70 71 72 73 74 75 1209 1208 154 1203 1202 1201 1200 1199 1198 1197 1196 1194 1193 1195 1178 1179 1180 1181 1182 1183 1184 1185 1186 1187 170 169 168 184 185 186 187 188 189 190 191 192 195 198 197 133 134 135 136 137 138 139 140 141 90 92 93 94 95 96 101 102 103 104 105 127 126 125 205 206 207 218 217 216 208 209 210 212 239 238 240 242 243 266 267 268 269 270 271 278 280 279 277 281 285 286 288 289 292 293 294 295 296 297 298 299 300 396 395 394 393 392 391 390 389 388 972 973 974 975 976 977 978 979 981 982 983 984 985 986 376 375 374 373 372 371 370 369 368 333 335 332 331 329 330 338 337 336 343 347 348 356 355 354 353 1148 1149 1174 1175 1176 1177 1173 1172 1169 1168 1167 1170 1171 1164 1165 1166 1224 1223 1222 1219 1220 1221 1227 1225 1226 1228 1229 1233 1244 1243 1245 1380 1379 1370 1363 1362 1361 1360 1359 1358 1357 1356 1355 1353 1348 1346 1345 1339 1318 1319 1320 1321 1323 1324 1325 2305 2306 2307 2308 2311 2312 2317 2320 2321 2322 2323 2324 2331 2329 2 
0 2333 2288 2287 2290 2274 2273 2269 2268 2262 2263 2260 2258 2254 2227 2225 2224 2222 2221 1522 1487 1486 1485 1483 1468 1470 1471 1472 1473 1458 1457 1456 1455 1550 1549 1546 1569 1568 1567 1566 1565 1564 1563 1562 1561 869 868 867 866 865 864 863 861 862 1697 854 855 856 852 853 851 850 849 848 847 846 845 844 843 842 841 840 839 838 837 836 835 834 833 832 831 830 827 825 822 890 891 894 895 801 813 812 811 810 809 771 772 775 774 773 770 769 768 767 766 765 764 763 762 761 760 759 758 776 780 779 778 777 754 755 756 757 669 668 670 671 672 673 674 675 676 677 678 679 680 681 682 683 684 659 660 661 662 663 664 665 666 667 1741 1740 1715 1714 1716 1713 1712 1711 1710 1709 1708 1707 1706 1705 1704 1703 1702 1701 1700 1699 1698 1696 1695 1694 1693 1692 1691 1690 1689 1688 1687 1686 1685 1684 1683 1676 1675 1674 1673 1672 1671 1669 1668 1662 1641 1642 1640 1639 1638 1637 1636 1630 1629 1628 1624 1623 1622 1578 1579 1580 1581 1582 1583 1584 1532 1531 1530 2214 2212 2205 2202 2201 2200 2199 2197 2198 2191 2190 2189 2187 2186 2243 2183 2174 2173 2172 2171 2168 2164 2162 2278 2279 2280 2281 2349 2348 2344 2345 2371 2378 
0 3 2327 1305 1304 1303 1302 1301 1314 1315 1316 1317 1338 1340 1341 1403 1404 1406 1405 1400 1399 1398 1394 1395 1396 1397 1416 1415 1414 1413 1417 1418 1419 1420 1421 1422 1423 1424 1425 1426 1427 1428 1429 1430 1431 1433 1434 1035 1034 1033 1032 1031 1030 1029 1028 1061 1060 1062 1027 1026 1025 1024 1023 1022 1021 1020 1019 1016 1015 1014 1013 1012 1011 1010 1009 1008 1007 892 893 896 897 898 800 799 798 797 796 795 794 793 792 791 931 929 928 927 924 923 922 925 926 930 946 945 941 942 940 939 938 937 593 592 591 590 586 583 582 581 580 511 568 569 570 571 572 578 579 577 584 585 587 589 596 595 594 750 749 748 745 743 744 746 747 753 752 751 936 935 934 933 932 790 789 788 787 786 785 784 783 782 781 808 807 806 805 804 803 802 814 815 816 817 818 819 820 821 826 828 829 857 858 860 859 824 823 888 889 887 886 885 884 883 882 881 880 879 874 873 871 870 872 875 876 877 878 1560 1559 1558 1557 1556 1555 1554 1553 1552 1551 1454 1451 1450 1445 1444 1460 1461 1462 1463 1464 1495 1496 1498 1500 1499 1503 1504 1506 1505 1411 1412 1410 1409 1407 1408 1335 1336 1337 1334 1333 1322 2309 2310 1312 1313 1311 1310 1307 1306 2326 
0 2391 2390 2389 2388 2387 2385 2384 2383 2382 2381 2380 2368 2365 2362 2351 2352 2353 2354 2355 2158 2157 2165 2166 2170 2177 2178 2179 2180 2136 2135 2194 2195 1599 1598 1597 1596 1595 1594 1593 1605 1606 2128 2126 2125 2124 2123 2122 2121 2120 2119 2118 2115 2112 2111 2110 2109 2108 2107 2103 2087 2085 2084 2082 2083 2022 2018 2017 2016 2015 2014 2013 2012 2030 2031 2032 2036 2037 2038 2039 2040 2041 2042 2043 1648 1649 1650 1651 2004 2005 2006 2003 2002 2001 1998 1992 1991 1990 1962 1961 1960 1943 1942 1944 1945 1946 1947 1948 1889 1887 1888 1949 1950 1951 1952 1953 1954 1970 1971 1972 1973 1875 1874 1873 1872 1871 1870 1812 1814 1811 1810 1809 1808 1807 1806 1805 1804 1803 1802 1801 1770 1771 1772 1773 1763 1764 1834 1835 1836 1838 1837 1841 1849 1848 1847 1843 1844 1845 1846 1652 1653 1654 1655 1657 1660 1663 1661 1645 1644 1643 2047 2048 2049 2051 2050 1627 1626 1625 1577 1576 1534 1533 1538 1540 1539 1478 1479 1480 1476 1469 1459 1465 1466 1467 1493 1494 1492 1489 1488 2220 2217 2216 2218 2219 2223 2230 2229 2228 2226 2255 2256 2257 2264 2265 1328 1329 1330 1331 1332 1326 1327 2303 2304 2302 2298 2297 2313 2318 2319 1309 1308 2325 2328 
0 5 14 16 1296 1297 1298 1299 1290 1350 1349 1347 1344 1343 1342 1402 1401 1367 1381 1383 1242 1241 1240 1234 1232 1230 1231 1163 1162 1161 1160 1159 1158 1157 1156 1155 1154 1153 1152 1151 1150 1147 1146 1145 1144 1143 1142 1141 1135 1136 1140 1138 1137 1139 357 358 359 360 361 362 363 364 365 334 366 367 1107 1110 1108 1109 1133 1134 1130 1129 1131 1132 1114 1118 1117 1116 1068 1069 1071 1070 1067 1066 1065 1064 1063 1058 1057 1059 1052 1036 1037 1432 1435 1436 1437 1438 1439 1440 1441 1442 1443 1446 1447 1448 1449 1452 1453 1018 1017 1076 1077 1075 1078 1079 1074 1072 1073 1080 1081 1082 1083 1084 1085 1096 377 378 379 380 382 381 384 325 326 328 327 317 318 305 304 291 290 287 284 283 282 276 275 274 272 273 265 264 263 262 261 260 259 258 257 256 255 253 252 246 247 249 248 245 244 241 237 236 235 234 233 232 231 230 229 228 213 215 214 227 226 225 224 223 222 221 123 124 107 106 128 131 132 196 161 162 160 159 158 157 156 153 155 1204 1205 1206 1213 1214 1215 1216 1217 1218 1254 1255 1259 1261 1263 1264 1265 1266 1267 1271 1270 1269 1268 45 34 35 28 27 21 10 7 
0 2376 2375 2373 2335 2334 2285 2286 2291 2293 2292 2267 2266 1508 1511 1512 1513 1514 1515 1516 1517 1518 1519 1520 1521 1523 1524 1525 1526 1527 1528 1529 1591 1611 1612 2053 2054 2066 2065 2061 2060 2035 2034 2033 2029 2011 2010 2009 2008 2007 2000 1999 1997 1996 1994 1995 1853 1852 1851 1850 1842 1840 1839 1761 1760 1759 1755 1756 1780 1781 1779 1782 1783 1784 1785 1786 653 654 687 690 693 706 705 699 700 701 717 718 719 720 723 724 725 722 721 622 623 624 625 627 626 635 634 633 636 639 641 645 646 647 648 1790 1791 1796 1797 1789 1776 1775 1774 1765 1821 1822 1823 1824 1825 1826 1827 1862 1860 1861 1863 1864 1978 1977 1981 1982 1983 1968 1957 1959 1958 1956 1955 1969 1976 1975 1974 1876 1877 1878 1879 1880 1881 1882 1883 1884 1885 1886 1890 1891 1892 1893 1894 1895 1896 1897 1898 1899 1900 1901 1902 1903 1904 1905 1940 1941 1938 1939 1906 1907 1908 1909 1910 1911 1912 1913 1914 1915 1916 1919 1920 2097 2098 2099 2100 2101 2102 2104 2105 2106 2080 2081 2078 2077 2076 2075 2074 2071 2070 1610 1609 1608 1592 2203 2204 2206 2238 2239 2240 2241 2234 2242 2244 2245 2246 2271 2272 2276 2277 2282 2343 2339 2338 2372 2377 
0 13 17 18 1295 1294 1293 1292 1285 1286 1284 1283 1279 1373 1372 1371 1369 1368 1382 1384 1385 1387 1386 1239 1235 1236 1237 1043 1044 1045 1046 1047 1049 1050 1128 1127 1115 1113 1112 1111 1106 1105 1104 1103 1102 1101 1100 1099 1098 1094 1087 1088 1086 1001 1000 999 1002 1003 1004 1005 1006 998 997 996 995 994 993 992 906 905 904 903 900 899 901 902 907 908 909 910 911 912 913 914 916 917 915 921 918 919 920 954 953 947 948 949 944 943 473 472 474 475 476 477 478 479 464 465 466 467 470 471 469 468 950 951 952 955 956 957 958 959 421 422 420 419 963 964 965 966 967 968 969 970 971 383 387 386 385 324 323 322 315 316 312 311 307 306 308 309 310 345 350 174 173 172 171 1188 1189 1190 1191 1192 167 166 165 164 163 193 194 199 200 201 202 204 219 220 122 121 120 119 118 117 116 115 114 113 112 111 110 109 108 100 99 98 97 89 77 76 1210 1211 1257 1256 1253 1252 1251 1250 1249 1248 1247 1246 1377 1378 1376 1375 1374 1277 1280 1282 30 19 12 
0 4 15 1300 1291 1289 1288 1287 1351 1352 1354 1365 1364 1366 1393 1392 1391 1390 1389 1388 1238 1042 1041 1040 1038 1039 1048 1051 1053 1054 1055 1056 1125 1126 1124 1123 1122 1121 1120 1119 1089 1090 1091 1092 1093 1097 1095 987 988 989 990 991 980 962 961 960 423 424 425 426 427 436 435 428 429 430 431 432 434 433 457 458 459 460 463 461 462 481 480 482 483 484 485 486 492 491 493 494 495 496 500 501 502 503 506 507 508 509 505 504 525 524 531 530 529 526 527 528 499 498 497 490 489 488 487 454 455 456 452 453 451 450 449 448 447 446 445 444 443 442 441 440 437 438 439 417 418 416 415 414 413 412 411 410 409 408 407 406 405 404 403 402 401 400 399 398 397 301 302 303 319 320 321 314 313 339 340 341 342 344 346 349 351 352 175 176 177 178 180 179 183 182 181 254 251 250 211 203 130 129 91 88 87 86 85 84 83 82 81 80 79 78 142 143 144 145 146 147 148 149 150 152 151 1207 1212 1258 1260 1262 1272 1273 1274 1275 1276 1278 1281 33 32 31 29 20 11 6 
0 2386 2379 2370 2367 2366 2346 2347 2350 2161 2163 2167 2169 2175 2176 2181 2182 2184 2185 2188 2192 2193 2196 1600 1601 1602 1603 1604 1607 2072 2073 2069 2068 2067 2057 2058 2059 2046 2045 2044 1646 1647 1656 1659 1658 1726 1725 1727 1728 1729 1730 1731 1735 1736 1737 1738 1739 1742 1743 1744 1745 1746 1747 1748 1754 1753 1749 1750 1751 1752 658 657 656 655 686 685 707 708 704 715 730 728 727 726 611 612 613 614 615 616 560 561 562 563 564 565 566 567 514 513 515 516 517 518 519 520 512 510 521 522 523 547 546 545 544 536 535 532 533 534 537 538 540 541 539 543 542 549 548 550 551 552 553 554 555 556 557 558 559 617 618 619 620 621 628 629 630 631 632 637 638 640 642 643 644 1793 1794 1792 1795 1798 1799 1800 1769 1768 1766 1767 1820 1819 1818 1817 1816 1815 1813 1869 1868 1867 1866 1865 1979 1980 1984 1985 1986 1967 1966 1932 1931 1928 1927 1924 1922 2091 2088 2086 2079 2113 2114 2116 2117 2127 2129 2130 2131 2132 2133 2134 2137 2138 2139 2140 2141 2142 2143 2144 2145 2146 2147 2149 2148 2150 2151 2152 2153 2154 2155 2156 2159 2160 2356 2357 2358 2359 2360 2361 2363 2364 2369 
0 2330 2332 2315 2316 2314 2296 2295 2294 2299 2300 2301 1507 1509 1510 1502 1501 1497 1490 1491 1484 1482 1481 1477 1475 1474 1548 1547 1545 1544 1543 1542 1541 1537 1535 1536 1570 1571 1572 1573 1574 1575 1679 1680 1681 1682 1677 1678 1631 1632 1633 1634 1635 1670 1667 1666 1665 1664 1721 1722 1724 1723 1720 1719 1718 1717 1732 1733 1734 710 709 711 712 713 714 736 737 738 739 740 741 742 599 598 597 588 600 601 602 603 604 605 606 575 576 573 574 609 610 608 607 734 735 733 732 731 729 716 702 703 698 697 696 695 694 692 691 689 688 652 651 650 649 1787 1788 1777 1778 1757 1758 1762 1833 1832 1831 1830 1829 1828 1859 1858 1857 1856 1855 1854 1993 1987 1988 1989 1965 1964 1963 1934 1933 1935 1936 1937 1930 1929 1926 1925 1917 1918 1923 1921 2096 2095 2094 2093 2092 2089 2090 2019 2020 2021 2026 2027 2028 2025 2024 2023 2062 2063 2064 2056 2055 2052 1613 1614 1615 1616 1617 1618 1619 1620 1621 1590 1589 1588 1587 1586 1585 2213 2215 2211 2210 2209 2208 2207 2231 2237 2236 2235 2233 2232 2250 2249 2247 2248 2251 2252 2253 2259 2261 2270 2275 2289 2283 2284 2342 2341 2340 2337 2336 2374 1 

the actuall costs is 51085.3
the using frequency of each operators in EAX is following
the percentage of or-insert is 0.527184
the percentage of or-swap is 0.472816
all percentage of each operator is following 
0.493825  0.0226415  0.00491156  0.00283905  0.00177441  0.00078074  0.000411663  
0.214235  0.0427136  0.00975215  0.00403146  0.00163246  0.000794935  0.000596201  
0.0222724  0.0339835  0.0143088  0.00499674  0.00262612  0.00100786  0.000766545  
0.00462766  0.0157567  0.0112568  0.00758027  0.0035914  0.00191636  0.00130596  
0.0017886  0.0057065  0.00800613  0.0054084  0.0035914  0.00275388  0.00173182  
0.000851716  0.0029952  0.00440053  0.00417341  0.00391789  0.00286744  0.00279647  
0.000922693  0.00177441  0.00261193  0.00369077  0.00425858  0.0045141  0.00430117  


