the best solution's fitness is 
35325.3
the time when getting the optimal solution is 
5740
the sequence of best solution is following
0 7 10 22 25 26 35 36 41 42 43 44 50 49 48 1268 1269 1270 1271 1272 1267 1266 1265 1264 1263 1261 1259 1257 1255 1256 1253 1254 1220 1222 1223 1224 1197 1198 1199 1196 1195 1194 1193 1192 1191 1190 1189 1188 1187 171 179 180 183 184 185 186 187 250 211 210 209 208 207 206 205 204 219 221 222 223 224 225 226 227 228 229 230 231 232 233 234 269 270 271 278 279 280 286 288 289 292 293 294 295 296 297 298 299 397 300 301 302 303 318 317 315 314 313 339 340 341 342 344 346 347 356 357 354 353 1146 1147 1148 1149 1183 1182 1181 1180 1176 1175 1174 1155 1156 1157 1158 1171 1164 1162 1161 1163 1231 1232 1233 1242 1384 1383 1381 1380 1379 1368 1369 1370 1363 1362 1371 1361 1360 1359 1358 1357 1356 1355 1284 1286 1285 1293 1297 1296 17 14 5 
0 11 19 30 1282 1280 1276 1275 1274 1273 1262 1260 1258 1211 1212 1206 1205 1204 154 155 1203 1202 1200 1201 157 159 166 165 161 196 195 199 200 201 202 203 125 126 127 94 95 96 97 98 99 100 101 102 103 104 105 106 107 108 109 110 111 112 113 114 115 116 117 118 119 120 121 122 124 123 220 218 217 216 215 214 213 212 239 241 242 243 262 261 260 263 264 265 309 308 307 316 312 311 310 345 349 350 352 174 173 172 1185 1186 1184 1179 1178 1177 1173 1172 1169 1168 1167 1170 1165 1166 1225 1230 1229 1226 1227 1228 1244 1243 1245 1246 1378 1376 1372 1373 1279 1283 1294 1295 18 13 
0 21 27 34 45 46 47 60 61 62 63 75 76 77 78 142 143 144 145 160 162 163 164 168 182 181 254 258 259 266 274 275 277 281 285 287 290 291 304 394 393 392 405 407 408 409 410 411 412 413 414 415 416 439 440 441 442 443 444 445 446 447 448 449 450 451 452 453 454 455 456 457 432 433 434 435 428 429 427 436 437 426 425 424 420 419 962 978 979 982 1085 1084 1086 1087 1088 1120 1119 1118 1117 1115 1126 1125 1056 1055 1054 1053 1051 1048 1040 1041 1042 1423 1422 1416 1415 1414 1413 1406 1407 1341 1339 1317 1316 1314 1303 1302 2327 
0 2 2329 2332 2315 2316 2317 2313 2297 2298 2299 2300 2266 1508 1511 1512 1513 1514 1515 1489 1486 1485 1484 1481 1476 1477 1475 1472 1473 1457 1456 1455 1451 1450 1449 1023 1022 1021 1020 1019 1018 1017 1077 1075 1078 1001 1000 999 998 997 996 995 994 893 894 896 900 899 898 897 800 802 813 812 811 804 805 806 807 782 780 779 778 776 771 773 768 767 764 763 669 668 845 844 843 842 848 1703 1705 1715 1714 1713 1716 1717 1718 1719 1720 1721 1722 1723 1724 1725 1726 1658 1659 1660 1661 1662 1663 1664 1665 1666 1667 1668 1669 1670 1671 1672 1673 1634 1630 1629 1628 1627 1626 1625 1624 1623 1622 1590 1589 1588 1587 1586 1585 2212 2211 2209 2218 2219 2223 2230 2229 2228 2227 2251 2252 2253 2259 2261 2270 2273 2274 2275 2289 2283 2284 2342 2335 2373 2376 1 
0 2330 2264 1488 1487 1538 872 871 861 670 671 675 710 713 714 715 716 717 718 719 622 621 620 619 618 617 559 558 557 561 560 616 615 614 613 612 611 610 609 574 573 576 575 608 607 606 605 604 603 602 601 600 599 740 741 742 748 754 774 769 832 823 886 1560 1478 1480 1482 1492 1497 1510 2296 2314 
0 2263 2257 1523 1524 1525 1526 1527 1576 1674 1692 1693 1711 1712 667 666 664 673 676 678 679 680 681 690 691 692 693 694 695 636 637 638 639 640 641 642 643 644 1793 1792 1794 1804 1805 1806 1807 1808 1810 1811 1813 1869 1868 1867 1866 1975 1976 1977 1978 1865 1864 1861 1860 1859 1858 1857 1856 1855 1854 2002 2001 2006 2007 2012 2013 2028 2025 2024 2026 2023 2070 2071 1604 1603 1602 1601 1600 2196 2193 2182 2175 2161 
0 3 1305 1306 1320 1319 1318 1322 1338 1340 1337 1336 1335 1408 1409 1410 1411 1412 1417 1418 1419 1420 1427 1428 1429 1430 1435 1436 1437 1438 1439 1440 1031 1030 1061 1060 1059 1058 1057 1052 1036 1037 1038 1039 1047 1049 1050 1152 1151 1150 1144 1145 1143 1142 1141 1140 1139 1138 1137 334 333 332 335 336 337 331 329 325 327 322 323 321 320 319 305 306 284 283 282 276 272 273 267 268 235 236 237 238 240 244 245 248 249 247 246 252 251 188 189 190 191 192 193 194 198 197 132 131 133 134 135 136 137 138 139 140 141 146 147 148 149 150 152 151 1207 1213 1214 1215 1216 1217 1218 1219 1221 1248 1247 1249 1250 1252 1251 1377 1375 1374 1277 1278 1281 33 32 31 29 28 20 12 6 
0 1301 1315 1342 1402 1401 1394 1395 1391 1390 1389 1388 1387 1386 1240 1234 1160 1159 1154 1153 1135 1136 1109 1108 1110 1107 1106 1105 1104 1103 1101 1102 1099 1098 376 377 378 380 971 970 969 968 967 966 965 964 406 404 403 402 401 400 399 398 396 395 391 390 389 388 383 381 379 375 374 373 372 371 370 369 368 367 366 364 365 362 363 361 360 359 358 355 351 257 256 255 253 130 129 128 93 92 91 90 89 88 87 86 85 84 83 82 81 80 79 74 73 72 71 70 69 68 67 66 65 64 58 57 56 55 54 53 40 37 
0 1304 1323 1332 1013 1012 1011 1010 889 888 822 821 770 772 775 758 753 747 745 743 739 735 734 733 732 731 730 729 728 727 726 725 724 723 722 721 720 623 624 625 626 627 628 629 630 631 632 633 634 635 696 697 698 699 700 701 702 703 704 705 706 707 708 709 711 712 736 737 738 744 746 755 756 757 840 841 851 853 854 873 1537 1541 1540 1539 1479 1483 1491 1490 2265 2267 2294 2295 2331 
0 2387 2379 2370 2367 2366 2346 2351 2352 2353 2354 2355 2158 2157 2179 2180 2145 2136 2128 2120 2119 2118 2112 2114 2075 2076 2077 2078 2079 2080 2086 2085 2087 2088 2092 2091 2093 2094 2095 2096 1921 1924 1927 1929 1931 1935 1936 1943 1960 1961 1962 1963 1964 1965 1966 1967 1989 1990 1991 1992 1988 1987 1986 1985 1984 1983 1982 1969 1971 1970 1954 1953 1952 1951 1950 1947 1948 1889 1890 1891 1892 1893 1894 1895 1896 1897 1898 1899 1900 1901 1902 1903 1904 1905 1940 1938 1937 1930 1926 1925 1917 1919 1920 2097 2098 2099 2100 2101 2102 2103 2104 2105 2106 2107 2108 2109 2111 2110 2121 2122 2123 2124 2125 2126 2127 2129 2130 2131 2132 2133 2134 2137 2138 2139 2140 2141 2142 2143 2144 2146 2147 2148 2149 2150 2151 2152 2153 2154 2155 2156 2159 2160 2356 2357 2358 2359 2360 2361 2363 2364 2380 2381 2382 2383 2384 2385 2390 2391 
0 1503 1465 1554 1009 809 588 584 577 578 572 571 570 569 568 567 566 565 564 563 562 556 555 554 553 552 551 550 548 549 542 536 535 524 525 526 527 495 493 484 483 482 949 953 954 920 921 912 993 1076 1333 1321 1313 
0 2328 2326 2325 2324 2323 2322 2321 2320 2319 2318 2312 2311 2307 2305 2304 2302 2301 2303 1327 1328 1507 1509 1502 1500 1499 1464 1463 1462 1461 1460 1444 1441 1442 1443 1446 1447 1448 1027 1062 1063 1064 1065 1066 1067 1068 1124 1116 1121 1123 1122 1069 1070 1071 1072 1073 1074 1080 1079 1002 1003 1004 1005 1006 1007 892 891 890 827 828 829 830 831 833 834 835 836 852 850 849 1704 1706 1738 1737 1735 1736 1839 1838 1837 1841 1842 1850 1849 1847 1651 1650 1649 1648 2041 2042 2043 1646 1644 1643 1642 1639 1637 1636 1635 1633 1632 1631 1577 1578 1579 1580 1581 1582 1583 1584 2213 2214 2215 2216 2210 2208 2207 2231 2237 2235 2236 2232 2250 2249 2248 2247 2271 2272 2276 2277 2279 2280 2282 2341 2340 2372 2374 2377 
0 4 15 1298 1292 1291 1289 1288 1287 1351 1350 1349 1348 1347 1346 1345 1344 1343 1403 1404 1405 1400 1399 1398 1396 1397 1421 1424 1425 1431 1432 1433 1434 1035 1034 1033 1032 1029 1028 1026 1025 1024 1452 1453 1551 1550 1549 1547 1545 1544 1543 1542 1569 1568 1567 1566 1565 1563 1680 1681 1682 1684 1685 1686 865 1688 1687 1691 1690 1689 1695 1694 1696 1699 1700 1710 1709 1708 1707 1740 1741 1742 1743 663 662 661 660 659 658 657 1752 1751 1750 1749 1753 1754 1748 1747 1746 1744 1745 1739 1734 1733 1732 1731 1730 1729 1728 1727 1657 1656 1647 2044 2045 2046 2047 2048 2049 2050 2051 2052 2053 1613 1614 1615 1616 1617 1618 1619 1620 1621 1591 2202 2201 2200 2199 2198 2191 2190 2189 2187 2185 2184 2183 2174 2173 2172 2171 2164 2162 2350 2347 2344 2345 2339 2338 2371 2386 
0 2167 2169 2176 2194 2195 1605 1607 2072 2073 2074 2083 2022 2021 2027 2014 2015 1928 1932 1933 1934 1959 1957 1958 1956 1955 1968 1981 1980 1979 1863 1862 1827 1826 1825 1823 1821 1766 1767 1768 1769 1770 1801 1803 1802 1795 1796 1791 645 646 647 648 1790 1789 1797 1798 1799 1800 1776 1777 1778 1781 1780 1756 1755 1759 1760 1758 1762 1761 1835 1836 1840 1843 1844 1845 1846 1652 1653 1654 1655 1645 1641 1640 1638 2203 2204 2205 2206 2238 2239 2234 2233 2245 2246 2278 2281 
0 16 1299 1352 1354 1365 1364 1366 1367 1382 1241 1235 1236 1237 1043 1044 1134 1133 1130 1129 1131 1132 1111 1112 1100 1092 1093 1095 987 988 989 990 991 992 906 905 904 903 902 901 923 922 924 925 947 948 944 943 473 472 474 475 476 477 478 479 480 481 463 464 465 466 470 467 950 957 958 959 421 422 423 438 417 418 963 977 976 975 974 973 972 382 384 387 386 385 324 326 328 330 338 343 348 175 176 177 178 170 169 167 158 156 153 1208 1209 1210 59 51 52 39 38 24 23 9 8 
0 2334 2285 2288 2287 2290 2269 2262 2260 2258 2254 2226 2225 2224 2222 2221 2220 2217 1528 1529 1530 1531 1532 1534 1570 1571 1564 1562 1561 878 877 876 875 874 884 860 859 858 857 855 856 837 838 839 766 765 762 761 760 759 777 752 750 749 595 598 597 596 591 592 593 937 938 939 940 942 941 945 946 930 926 927 928 929 931 932 933 934 935 788 786 787 789 790 791 793 794 795 796 797 798 799 801 814 815 816 817 818 819 820 826 825 824 887 885 883 882 881 880 879 1559 1558 1557 1556 1555 1546 1548 1474 1471 1470 1469 1468 1466 1467 1493 1494 1495 1496 1498 1501 1504 1506 1329 1330 1331 1326 1325 1324 2306 2308 2309 2310 1312 1311 1310 1307 
0 1308 1309 1459 1458 1454 1552 1553 1016 1015 1014 1008 810 808 781 783 784 785 751 594 589 587 585 583 582 579 581 580 511 512 513 514 515 516 517 518 519 520 521 510 509 507 506 503 502 501 500 496 494 491 492 486 485 471 469 468 951 952 955 956 919 918 917 916 915 914 913 911 910 909 908 907 981 983 984 985 986 1096 1097 1094 1091 1090 1089 1113 1114 1127 1128 1046 1045 1238 1239 1385 1392 1393 1353 1290 1300 
0 2375 2336 2337 2343 2349 2244 2242 2241 2240 1592 1611 1612 2055 2056 2057 2058 2059 2034 2033 2032 2029 2031 2030 2011 2010 2009 2008 2000 1999 1998 1997 1996 1995 1994 1993 1828 1829 1831 1824 1822 1820 1819 1818 1817 1816 1809 1815 1814 1812 1870 1871 1872 1873 1874 1875 1974 1876 1973 1972 1877 1878 1879 1880 1881 1882 1883 1884 1885 1886 1887 1888 1949 1946 1945 1944 1942 1941 1939 1906 1907 1908 1909 1910 1911 1912 1913 1914 1915 1916 1918 1923 1922 2016 2017 2018 2020 2019 2090 2089 2084 2082 2081 2113 2115 2116 2117 1606 2135 2181 2178 2177 2170 2166 2165 2163 2362 2365 2368 2369 2388 2389 
0 2378 2348 2168 2243 2186 2188 2192 2197 1599 1598 1597 1596 1595 1594 1593 1608 1609 1610 2069 2068 2067 2054 2066 2065 2064 2063 2062 2061 2060 2035 2036 2037 2038 2040 2039 2005 2004 2003 1848 1851 1852 1853 1830 1832 1834 1833 1764 1763 1765 1774 1773 1772 1771 1775 1757 1779 1782 1783 1784 1785 1786 1788 1787 649 650 651 652 653 654 656 655 686 687 685 688 689 683 682 684 677 674 672 665 846 847 1702 1701 1698 1697 862 863 864 869 870 868 867 866 1683 1676 1675 1677 1678 1679 1575 1574 1573 1572 1536 1535 1533 1522 1521 1520 1519 1518 1517 1516 2255 2256 2268 2292 2293 2291 2286 2333 
0 1334 1426 1081 1082 1083 980 961 960 430 431 458 459 460 461 462 487 488 489 490 497 498 499 528 529 530 531 532 533 534 537 538 540 541 539 543 544 545 546 547 523 522 504 505 508 586 590 936 792 803 895 1445 1505 

the actuall costs is 35325.3
the using frequency of each operators in EAX is following
the percentage of or-insert is 0.464992
the percentage of or-swap is 0.535008
all percentage of each operator is following 
0.40424  0.0422022  0.0107487  0.00408648  0.00203086  0.000965896  0.000718231  
0.225017  0.0530129  0.0141912  0.00532481  0.00232806  0.00113926  0.00079253  
0.0327538  0.0376823  0.0164698  0.00744236  0.00329395  0.00172128  0.00134978  
0.00817297  0.01777  0.0128786  0.0079996  0.00469327  0.00214231  0.00162221  
0.00273671  0.0081482  0.00856923  0.00647646  0.0043713  0.00303391  0.00193179  
0.00108973  0.003554  0.00468088  0.00434653  0.0039998  0.00276147  0.00222899  
0.000780147  0.00242712  0.00283577  0.00328157  0.0039255  0.00371499  0.00231567  


