the best solution's fitness is 
2299.16
the time when getting the optimal solution is 
240
the sequence of best solution is following
0 26 55 72 69 37 53 71 16 73 25 31 66 96 62 86 61 
0 97 75 57 83 87 65 15 50 59 
0 68 6 39 38 95 28 34 43 99 10 89 7 
0 56 30 44 51 60 4 21 80 79 64 67 
0 33 42 23 41 54 24 40 29 
0 88 
0 17 12 63 52 93 5 91 77 19 8 11 13 84 
0 76 94 58 92 27 36 18 2 3 20 81 48 74 85 
0 70 82 47 90 35 98 78 49 45 9 32 14 
0 46 1 22 

the actuall costs is 2299.16
the using frequency of each operators in EAX is following
the percentage of or-insert is 0.333333
the percentage of or-swap is 0.666667
all percentage of each operator is following 
0.295019  0.0383142  0  0  0  0  0  
0.210728  0.045977  0.0191571  0.00383142  0  0  0  
0.0268199  0.0421456  0.0114943  0.0153257  0.00766284  0  0  
0.0153257  0.0383142  0.0153257  0.0229885  0.0114943  0.00766284  0  
0.00766284  0.0306513  0.00766284  0.0153257  0.00383142  0.00383142  0  
0.00383142  0.0229885  0.00766284  0.0114943  0.00383142  0.00383142  0.0114943  
0  0.0114943  0.00383142  0.00766284  0.0114943  0  0.00383142  


