the best solution's fitness is 
3031.95
the time when getting the optimal solution is 
240
the sequence of best solution is following
0 70 67 82 47 29 21 40 33 6 41 23 24 42 39 54 38 95 28 34 43 99 51 10 60 4 80 79 64 50 89 68 7 59 
0 17 61 86 13 84 11 8 25 73 19 26 91 16 71 69 37 53 72 49 45 55 18 36 27 92 76 58 94 5 78 9 32 77 31 3 81 74 20 48 66 96 85 62 14 
0 90 63 35 56 44 15 30 87 83 22 1 88 57 75 65 97 93 46 52 98 2 12 

the actuall costs is 3031.95
the using frequency of each operators in EAX is following
the percentage of or-insert is 0.514544
the percentage of or-swap is 0.485456
all percentage of each operator is following 
0.465374  0.0408033  0.00702203  0.000935177  0.000311726  9.84397e-05  0  
0.157487  0.0565372  0.0142738  0.00428213  0.00132894  0.000344539  0.000131253  
0.0287444  0.0346344  0.016423  0.0081705  0.00310085  0.00141097  0.000771111  
0.00549622  0.0161769  0.0115831  0.00923693  0.00656265  0.00344539  0.00214927  
0.00146019  0.00797362  0.00800643  0.00884317  0.00712047  0.0057095  0.00454463  
0.000328132  0.00277272  0.00477433  0.00702203  0.00513527  0.00577513  0.00621811  
4.92199e-05  0.00105002  0.00331414  0.00580794  0.0066775  0.00500402  0.00557825  


