the best solution's fitness is 
2411.68
the time when getting the optimal solution is 
240
the sequence of best solution is following
0 59 68 90 10 38 95 28 34 43 99 44 51 56 35 63 66 
0 17 70 67 82 47 29 21 40 41 23 42 24 54 39 6 33 60 4 80 79 64 50 89 7 
0 15 22 1 88 83 30 46 
0 61 86 13 84 11 8 25 73 19 16 71 69 37 53 18 55 45 49 72 91 26 9 32 77 31 3 81 74 20 48 96 85 62 14 
0 12 98 52 93 97 65 87 57 75 58 94 76 92 36 27 5 78 2 

the actuall costs is 2411.68
the using frequency of each operators in EAX is following
the percentage of or-insert is 0.541993
the percentage of or-swap is 0.458007
all percentage of each operator is following 
0.465296  0.0614615  0.0119757  0.00242962  0.000642674  9.40498e-05  9.40498e-05  
0.167189  0.0554894  0.0171327  0.00493761  0.00170857  0.000705373  0.00015675  
0.0328547  0.0304251  0.0154869  0.00808828  0.00391874  0.00177127  0.000830773  
0.00906013  0.0178224  0.0108314  0.00695968  0.00347984  0.00272744  0.00161452  
0.00228854  0.00813531  0.00692833  0.00634836  0.00340147  0.00225719  0.00167722  
0.000736723  0.00399712  0.00418522  0.00340147  0.00271177  0.00260204  0.00166155  
0.000172425  0.00199072  0.00329174  0.00341714  0.00293122  0.00147345  0.00120697  


