the best solution's fitness is 
1231.69
the time when getting the optimal solution is 
1879
the sequence of best solution is following
0 114 146 204 229 247 273 298 322 338 352 370 388 391 404 423 429 448 455 472 494 518 512 514 551 556 587 606 602 590 583 569 564 574 557 541 526 542 521 495 496 486 479 473 474 464 449 431 413 414 402 387 384 367 372 363 347 274 236 209 218 211 210 208 181 168 156 139 127 97 64 22 16 
0 56 79 99 135 257 267 290 305 540 576 600 629 652 688 699 700 726 749 745 762 769 761 748 739 725 709 685 650 528 482 456 285 24 
0 667 673 675 707 715 741 755 751 727 714 702 695 693 662 646 636 580 
0 159 174 195 230 293 316 334 357 365 432 597 640 659 674 680 690 691 697 712 706 732 736 719 720 698 694 668 665 604 493 463 440 203 152 126 
0 32 28 29 60 58 49 61 53 71 68 77 89 103 90 72 95 108 113 121 141 147 167 169 202 219 240 251 271 270 287 307 309 300 311 317 325 353 359 379 374 390 371 344 321 302 291 310 294 286 281 282 262 259 243 228 227 220 225 212 200 187 182 172 164 163 149 143 158 153 140 129 128 123 120 125 137 117 101 104 107 111 94 75 57 52 46 45 
0 766 752 743 716 669 572 513 
0 96 186 201 207 223 239 258 331 349 410 416 417 433 436 458 492 519 536 543 527 524 508 501 497 502 503 515 489 478 460 461 443 441 427 412 405 403 393 366 356 354 340 328 313 314 284 279 253 233 198 192 170 133 86 74 65 59 54 43 50 41 35 9 8 11 6 
0 1 17 62 88 73 76 70 84 98 85 91 92 112 118 144 157 166 196 190 188 177 191 206 222 213 217 237 264 263 295 296 303 330 341 361 378 368 373 395 398 420 450 470 467 446 439 411 377 360 348 256 261 250 252 268 249 231 232 224 205 189 162 115 132 136 142 151 119 110 106 80 66 69 36 
0 51 138 185 215 275 301 355 381 406 424 437 462 485 507 511 516 596 644 670 678 684 705 731 742 738 756 758 775 757 735 704 687 677 651 647 625 579 567 547 525 510 481 422 358 342 304 269 241 214 87 55 14 
0 318 326 660 683 718 753 754 747 765 773 772 776 778 767 721 689 679 654 611 442 396 245 
0 729 730 722 740 780 779 
0 770 
0 38 47 63 67 81 102 131 130 165 173 244 260 297 323 333 397 426 453 477 509 537 549 545 548 573 594 591 615 605 592 603 614 628 631 641 638 630 632 613 599 499 490 476 459 425 288 265 234 184 124 116 
0 145 235 394 428 435 471 498 532 559 575 595 623 637 639 664 671 682 696 703 724 737 733 746 768 777 760 771 764 759 744 734 717 708 658 610 593 585 483 465 452 400 386 238 
0 666 723 782 781 763 
0 2 4 18 7 19 30 34 21 13 31 15 20 25 26 23 27 33 3 10 12 5 39 37 42 83 78 100 105 134 148 176 180 193 246 278 283 308 319 336 337 339 350 380 385 415 447 475 434 430 418 409 375 364 345 324 315 306 292 266 255 242 248 226 221 194 183 161 155 150 93 82 40 
0 109 122 154 272 277 327 343 421 454 491 517 530 546 539 538 560 568 589 598 618 616 620 621 635 645 653 661 692 672 663 649 617 609 588 571 570 558 552 523 488 445 401 399 382 335 329 
0 487 531 544 566 581 607 634 642 655 657 686 710 713 728 711 681 676 624 622 619 601 584 582 554 522 480 
0 44 160 175 178 197 199 216 280 289 299 320 332 346 369 376 392 408 407 419 438 466 469 468 500 506 504 520 535 534 555 563 562 565 577 586 608 627 648 656 643 612 633 626 578 561 553 550 533 529 505 484 457 451 444 389 383 362 351 312 276 254 179 171 48 
0 701 774 750 

the actuall costs is 1231.69
the using frequency of each operators in EAX is following
the percentage of or-insert is 0.407655
the percentage of or-swap is 0.592345
all percentage of each operator is following 
0.34803  0.0432217  0.00963374  0.00399236  0.00138865  0.00112828  0.000260371  
0.200833  0.0629231  0.0180524  0.00442631  0.00295088  0.000520743  0.000433952  
0.0423538  0.041833  0.0233466  0.00859226  0.00303767  0.00130186  0.000954695  
0.0143204  0.0254296  0.0176185  0.009113  0.00538101  0.00321125  0.00138865  
0.00503385  0.0113696  0.0106752  0.0072904  0.00564138  0.00338483  0.00147544  
0.00199618  0.00833189  0.00555459  0.00659608  0.00373199  0.00355841  0.00260371  
0.00164902  0.00477348  0.00399236  0.00477348  0.00433952  0.00442631  0.00312446  


