the best solution's fitness is 
3187.9
the time when getting the optimal solution is 
1880
the sequence of best solution is following
0 14 48 55 87 109 116 124 145 184 171 179 185 204 215 214 234 241 235 238 229 245 254 272 277 275 276 269 265 288 304 312 301 293 316 327 342 355 358 351 362 383 394 389 400 422 428 435 444 451 452 457 465 484 485 491 507 511 516 505 483 481 471 498 510 525 532 547 559 567 575 595 579 585 596 597 611 626 633 640 643 656 648 660 683 706 712 697 691 690 680 674 659 654 644 647 651 658 677 687 708 734 717 704 670 678 684 679 689 705 721 732 736 718 719 698 694 685 668 665 650 645 632 630 638 617 609 588 604 613 600 599 608 590 583 576 569 564 557 574 570 571 572 592 605 615 636 646 662 686 710 713 716 727 750 781 782 774 770 766 752 743 728 711 681 676 657 655 624 622 619 601 584 582 554 549 537 545 544 531 543 536 519 492 488 479 473 486 496 495 493 504 520 506 500 499 490 482 476 466 456 438 430 434 418 409 408 407 419 423 429 425 432 421 404 391 388 370 364 375 392 376 369 371 344 332 346 349 345 352 338 322 324 331 315 305 290 267 266 255 242 223 207 201 203 186 183 161 155 150 135 152 126 110 106 99 79 69 56 44 36 
0 40 66 80 93 82 75 97 94 88 73 76 101 104 107 111 115 132 136 142 119 151 160 175 178 197 199 216 232 231 239 257 258 249 268 280 289 292 306 299 320 321 302 291 294 310 311 317 325 329 335 359 353 350 347 339 337 336 348 360 387 384 367 372 382 363 380 385 379 374 390 410 416 417 433 436 447 440 468 469 463 475 458 445 449 464 474 487 513 523 521 542 526 541 540 555 535 534 528 551 565 562 563 586 602 606 616 627 620 621 635 629 652 653 661 692 688 700 699 709 720 725 739 747 748 749 726 729 730 745 740 722 715 707 701 669 642 634 607 594 591 581 566 573 548 509 502 522 515 503 489 461 460 443 441 427 420 395 398 412 405 403 393 366 356 354 340 328 314 313 303 296 295 263 264 279 284 253 233 237 217 198 192 170 176 180 193 213 222 206 191 177 188 190 202 219 227 228 243 220 225 236 218 211 210 208 209 212 200 196 187 182 158 128 129 140 131 130 112 103 90 95 65 42 37 39 5 12 10 3 33 27 23 26 25 20 15 31 13 21 34 58 60 67 81 85 98 84 70 63 47 38 62 57 52 46 64 45 22 16 
0 1 6 17 11 8 32 28 9 2 4 18 29 7 19 35 30 49 61 53 41 50 71 91 102 92 89 77 68 43 54 59 72 74 86 83 78 100 105 108 113 133 134 148 141 121 118 144 147 167 169 173 165 157 166 153 143 149 123 120 125 117 137 127 139 162 168 156 163 164 172 181 189 205 224 252 250 261 274 256 281 286 300 309 307 287 282 259 262 270 271 251 240 244 246 260 278 283 297 308 319 323 333 330 341 361 368 373 378 377 397 411 402 414 413 399 401 415 431 439 426 446 453 450 478 480 470 467 477 497 501 508 524 527 552 558 580 603 614 628 631 641 649 672 663 666 667 673 675 693 695 702 714 723 741 751 755 763 780 779 769 762 761 765 773 772 754 753 776 778 767 756 758 775 757 742 738 731 735 744 759 764 771 760 777 768 746 733 737 724 703 696 682 671 664 639 637 623 625 610 593 578 561 553 550 529 533 560 568 589 598 612 618 587 577 556 546 539 538 530 517 518 512 514 494 472 455 448 459 462 454 437 442 424 406 396 386 381 365 357 343 334 326 318 298 285 273 248 247 230 226 221 195 194 174 159 154 146 138 122 114 96 51 24 

the actuall costs is 3187.9
the using frequency of each operators in EAX is following
the percentage of or-insert is 0.547056
the percentage of or-swap is 0.452944
all percentage of each operator is following 
0.529921  0.0166575  0.000366905  0.000110072  0  0  0  
0.281967  0.0447991  0.00407265  0.000587048  0.000256834  0.000146762  0  
0.0238121  0.0177215  0.0118143  0.00363236  0.000513667  0.000110072  3.66905e-05  
0.00113741  0.0109338  0.00653091  0.00634746  0.00245826  0.000660429  0.000293524  
0.000293524  0.00300862  0.00506329  0.00359567  0.00234819  0.00102733  0.000770501  
7.3381e-05  0.000293524  0.00234819  0.00275179  0.00176114  0.00205467  0.0011741  
0  0.000366905  0.000807191  0.00113741  0.00190791  0.00187122  0.00245826  


