the best solution's fitness is 
1334.76
the time when getting the optimal solution is 
1879
the sequence of best solution is following
0 56 126 152 195 221 226 248 266 285 290 305 324 345 352 375 419 438 456 466 482 490 499 500 506 528 534 535 555 583 600 599 590 606 620 627 648 656 680 690 697 705 689 679 684 678 670 654 644 626 611 597 596 578 561 553 550 533 529 505 484 483 465 457 452 451 444 422 400 389 386 381 355 358 342 312 301 276 275 254 245 238 235 185 179 171 138 116 87 55 14 
0 66 80 93 82 97 115 127 139 162 168 156 181 208 210 211 218 236 256 274 286 311 300 281 282 262 240 251 244 260 295 303 296 279 264 263 237 213 198 192 170 148 134 133 121 113 108 105 100 78 83 86 74 65 42 37 39 5 12 10 3 33 27 23 15 20 25 26 43 54 59 72 95 90 89 77 68 92 128 129 140 153 166 143 123 120 125 117 98 84 70 63 47 38 62 57 52 46 22 16 
0 48 124 145 184 214 234 265 304 351 362 383 394 428 435 471 498 532 559 575 595 623 637 639 664 671 682 696 703 724 737 733 746 768 777 760 771 764 759 757 742 738 731 735 744 734 717 704 708 687 677 658 651 647 625 610 593 585 579 567 547 525 510 481 442 424 406 396 357 343 327 288 269 241 215 
0 17 32 28 58 60 67 85 81 71 103 112 118 141 147 167 169 176 180 193 217 233 253 284 314 313 328 340 354 356 366 393 403 405 412 443 461 489 503 515 522 537 545 549 554 582 584 601 619 622 624 607 591 581 566 544 531 543 536 527 524 508 501 487 474 464 449 431 414 413 401 399 382 363 347 350 325 317 310 294 261 250 252 224 205 189 175 142 136 132 119 110 106 
0 40 45 75 94 88 73 76 101 104 107 137 163 164 172 182 187 196 200 209 212 225 220 227 228 243 259 287 307 309 336 337 339 372 367 384 387 402 439 446 453 467 477 497 502 480 478 460 441 427 420 398 395 373 368 378 361 341 330 333 323 308 297 283 278 246 222 206 191 177 173 165 157 144 130 131 102 91 61 49 53 41 50 31 13 21 34 30 35 19 7 29 18 4 2 9 8 11 6 1 
0 64 111 149 158 188 190 202 219 270 271 319 348 360 377 397 411 426 450 470 509 548 573 594 634 655 657 676 681 711 728 766 770 752 743 716 713 710 686 662 642 615 605 592 519 492 488 479 473 445 415 385 380 353 335 329 302 291 268 249 232 216 199 178 
0 151 160 197 231 280 321 359 379 436 458 486 513 558 572 580 603 636 646 669 693 695 702 714 727 750 774 782 781 780 779 769 762 739 725 720 719 718 706 683 660 616 587 551 514 476 455 423 364 
0 69 201 207 239 258 289 299 320 374 410 417 433 447 475 495 496 521 523 552 571 614 628 631 641 649 663 666 667 673 675 701 723 741 751 763 755 740 745 749 748 747 754 753 736 732 712 691 643 640 618 612 598 538 507 491 462 454 432 388 326 
0 36 44 79 99 135 150 155 161 183 203 242 255 267 292 315 331 349 346 369 376 392 407 408 409 418 430 434 468 469 504 520 540 541 576 569 564 557 574 604 613 632 652 653 688 692 700 699 709 694 698 685 668 665 650 645 629 635 621 608 602 586 563 562 565 577 556 546 539 530 517 518 512 494 472 459 448 429 425 404 391 370 338 322 318 298 273 247 230 194 174 159 154 114 96 51 24 
0 186 223 257 306 332 344 371 390 416 440 463 493 526 542 570 588 609 617 630 638 661 672 707 715 722 729 730 726 761 765 773 772 776 778 767 775 758 756 721 674 659 633 589 568 560 516 511 485 437 421 365 334 316 293 277 272 229 204 146 122 109 

the actuall costs is 1334.76
the using frequency of each operators in EAX is following
the percentage of or-insert is 0.489362
the percentage of or-swap is 0.510638
all percentage of each operator is following 
0.428597  0.0473041  0.00890068  0.00285936  0.00107043  0.000395912  0.000234614  
0.200185  0.0480226  0.013681  0.00425239  0.00161297  0.00068918  0.000395912  
0.0298107  0.0356321  0.0165696  0.00815285  0.00307931  0.00130504  0.000586536  
0.00746367  0.0189744  0.0134903  0.00898867  0.00467763  0.00215552  0.00108509  
0.00177427  0.0088127  0.00893001  0.00819684  0.00609998  0.00302066  0.00218485  
0.000747833  0.00381248  0.00500022  0.00675983  0.00574805  0.00368051  0.00231682  
0.000425239  0.00217018  0.00281537  0.00431104  0.00514685  0.0042084  0.00366585  


