the best solution's fitness is 
2006.46
the time when getting the optimal solution is 
1879
the sequence of best solution is following
0 40 66 80 93 82 97 115 111 127 139 162 168 156 137 149 163 164 172 181 189 175 178 197 199 205 216 224 218 211 210 208 209 212 220 225 236 256 274 261 250 252 268 258 257 267 290 305 315 292 289 299 306 320 332 344 390 410 417 416 434 440 447 433 436 458 473 479 488 492 519 536 543 527 524 508 501 497 477 467 487 474 464 449 445 431 415 401 399 413 414 402 387 384 367 361 341 330 333 323 319 297 308 303 296 295 283 278 260 246 237 213 193 180 176 169 167 173 157 166 153 128 129 140 131 130 112 103 90 95 72 65 42 37 39 5 12 10 3 33 27 23 26 25 20 15 31 13 21 34 30 35 19 7 29 18 4 2 9 8 11 6 1 
0 69 106 110 119 132 136 142 151 160 186 203 201 207 223 239 231 232 249 280 291 302 294 310 321 329 335 350 347 339 363 372 382 380 385 379 418 430 438 456 476 482 490 499 500 506 504 520 541 540 535 534 555 576 569 564 557 574 570 588 604 613 600 599 583 590 586 602 608 621 635 629 632 630 638 617 609 614 628 631 641 649 663 666 667 669 662 642 624 622 619 601 584 582 554 549 545 537 522 515 503 489 461 460 443 412 405 403 393 398 395 378 368 373 366 356 354 340 328 313 314 284 279 263 264 253 233 217 198 192 170 134 133 148 141 121 113 108 105 100 78 83 86 74 59 54 43 50 41 53 61 49 60 58 63 47 38 28 32 17 
0 56 96 114 126 152 159 174 194 204 229 230 247 248 273 272 277 293 316 334 326 318 322 338 345 352 364 370 391 388 396 406 424 442 437 462 485 491 507 511 516 538 530 539 546 556 551 577 587 598 589 612 618 640 643 659 674 680 690 691 697 712 706 698 694 685 709 699 700 688 692 726 730 729 722 740 745 749 761 765 773 772 754 753 776 778 767 756 758 775 757 759 764 771 760 777 768 746 733 737 724 703 696 682 671 664 639 637 623 625 610 593 578 568 560 561 553 550 533 529 505 484 483 465 457 451 452 400 389 386 381 365 357 343 327 301 288 276 275 254 245 238 241 235 215 185 179 171 154 146 138 122 116 109 55 48 14 
0 24 51 87 124 145 184 214 234 265 269 304 312 342 355 358 351 362 383 394 422 428 435 444 471 481 498 510 525 532 547 559 567 575 595 579 585 596 597 611 626 633 644 654 679 689 705 684 678 670 647 651 658 677 687 708 704 717 734 744 735 731 742 738 721 732 736 718 719 720 725 739 747 748 762 769 779 780 781 782 774 770 766 752 728 743 750 763 755 751 741 723 715 707 672 661 653 652 645 650 665 668 683 660 656 648 627 620 616 606 565 562 563 528 514 512 518 517 494 472 459 454 432 421 404 375 349 346 331 324 298 285 266 255 242 226 221 195 183 161 155 150 135 99 79 44 36 
0 45 64 75 94 88 101 104 107 117 125 120 123 143 158 182 187 200 196 190 188 202 219 227 228 243 259 262 282 281 286 300 311 317 325 353 359 374 371 369 376 392 409 408 407 419 423 429 425 448 455 466 468 469 463 475 493 495 496 486 513 523 521 526 542 552 558 571 572 580 603 592 605 615 636 646 675 673 701 693 695 702 714 727 716 713 711 710 686 681 676 657 655 634 607 594 591 581 566 573 548 544 531 509 502 478 480 470 441 427 420 450 453 446 439 426 411 397 377 360 348 336 337 309 307 287 270 271 251 240 244 222 206 191 177 165 144 147 118 89 77 68 92 102 91 71 81 85 67 84 98 70 76 73 62 57 52 46 22 16 

the actuall costs is 2006.46
the using frequency of each operators in EAX is following
the percentage of or-insert is 0.577914
the percentage of or-swap is 0.422086
all percentage of each operator is following 
0.550301  0.025624  0.00172879  0.000142093  7.10463e-05  4.73642e-05  0  
0.221475  0.0386965  0.00622839  0.00168143  0.000355231  0.000142093  2.36821e-05  
0.0223796  0.0241321  0.00866765  0.00305499  0.00170511  0.000473642  0.000142093  
0.00341022  0.00987543  0.00783877  0.00414437  0.00305499  0.00156302  0.000331549  
0.000521006  0.00442855  0.0044996  0.00843082  0.00359968  0.0018472  0.000781509  
0.000260503  0.00222612  0.00288922  0.0054232  0.00544688  0.00326813  0.00227348  
4.73642e-05  0.000805191  0.00177616  0.00253398  0.00378913  0.00423909  0.00362336  


