the best solution's fitness is 
8624.61
the time when getting the optimal solution is 
5165
the sequence of best solution is following
0 3 2137 2135 2133 2131 2129 2127 2126 2110 2108 2106 2104 2103 2098 2097 357 358 363 364 366 368 370 376 378 380 382 387 388 390 392 405 406 408 410 413 414 416 418 421 422 423 424 425 432 433 434 435 436 437 438 439 442 443 446 445 444 517 516 515 514 513 511 512 510 520 521 522 523 524 525 526 527 629 631 641 638 639 640 637 636 632 633 630 627 626 625 528 529 530 531 532 534 535 537 536 498 494 495 496 497 475 474 1062 1063 471 470 469 468 467 460 459 455 456 1076 1075 1079 1084 1087 1085 1089 1090 1091 1094 1096 1097 1102 1059 1058 1057 1106 1107 1108 1111 1112 1115 1118 1119 1136 1144 1135 1137 1134 1133 1132 1296 1295 1292 1291 1297 1298 1299 1300 1252 1253 1212 1211 1210 1254 1255 1257 1258 1260 1277 1278 1279 1280 1271 1179 1189 1186 1719 1721 394 395 396 397 398 399 400 401 402 403 385 384 1748 1750 1751 1752 1753 1757 1771 1777 1778 1767 1763 1766 1768 1769 1770 1776 1775 1773 1789 1786 1788 1787 1791 1792 1793 1794 1795 1799 1804 1803 2071 2072 2069 2068 2067 2065 2061 2062 340 314 325 321 320 2121 10 
0 2150 2149 2148 53 54 55 56 57 58 59 60 61 62 64 63 65 66 69 84 85 86 87 88 89 90 91 92 95 118 119 134 136 141 140 146 218 217 216 221 222 223 224 225 226 227 1976 1979 1980 1975 1974 1973 1970 1969 1856 1960 1961 1962 1963 1951 1950 1953 1952 1954 1955 1957 1956 1959 1857 1958 1907 1908 1915 1914 1917 1916 1949 1948 1918 1909 1912 1913 1906 1903 1902 1899 1898 1893 1892 1861 1891 1860 1862 1863 1864 1866 1865 1867 1868 1870 1869 1871 1872 1874 1873 1520 1519 1518 1515 1513 1512 1510 1508 1506 1504 1503 1502 1498 1500 1491 1490 1489 1488 1487 1486 1485 1483 1484 1482 1481 1477 1478 1475 1473 1471 1469 1467 1465 1464 1462 899 898 1463 1461 1460 1466 1468 1470 1472 1474 1476 1479 1480 1441 1442 1383 1382 1378 1375 1371 1359 1351 1352 1353 1354 1355 1342 1343 1341 1340 1339 1338 1337 1336 1577 1578 1579 1580 1589 1588 1598 1599 1601 1602 1614 1613 1612 1611 1623 1622 1610 1632 1631 1630 1629 1844 1845 1846 1988 1989 1990 1991 1992 1999 1996 238 237 236 235 234 232 233 145 144 242 241 240 239 245 244 243 143 142 247 138 288 287 286 285 284 283 282 281 265 266 267 268 269 270 271 272 19 18 17 6 7 48 
0 11 2120 322 317 313 311 2060 2059 2058 2057 2056 2055 2042 2043 2044 1808 1826 1827 1828 1830 1831 1832 1833 1835 1843 1842 1841 1636 1635 1634 1633 1609 1608 1607 1606 1604 1603 1587 1583 1582 1581 1575 1576 1349 1350 1348 1347 1346 1345 1344 1358 1357 1356 1402 1405 1406 1414 1415 1416 1417 971 970 973 969 968 967 961 962 963 964 959 958 945 946 947 948 949 952 950 1418 1419 1421 1420 1423 1422 1424 1401 1400 1425 1397 1364 1363 1362 1361 1360 1542 1541 1540 1492 1493 1494 1535 1534 1533 1532 1531 1524 1527 1526 1525 1549 1550 1551 1552 1553 1554 1555 1877 1875 1878 1879 1881 1885 1886 1887 1890 1859 1894 1895 1896 1897 1900 1901 1904 1905 1911 1910 1919 1921 1920 1947 1946 1943 1945 1924 1922 1923 1925 1944 1934 1933 1929 1928 1926 1927 1930 1931 1932 1936 1935 211 210 209 208 207 206 205 204 203 202 201 193 194 196 198 197 195 190 191 192 179 178 177 180 182 181 172 173 176 174 175 161 162 163 150 159 158 160 151 152 153 154 117 116 115 96 97 98 79 78 80 81 82 83 21 24 23 26 35 36 37 52 51 46 47 2141 
0 1 2 2132 2130 2113 2112 2101 2100 354 2095 355 360 2093 1779 361 372 373 374 375 1749 1747 1746 1745 1744 1737 1738 1734 1736 1735 1727 1726 1725 1724 1723 1722 1720 1171 1172 1088 1092 1093 1098 1099 1101 1066 1068 1073 1074 464 462 461 454 449 441 440 519 518 500 472 473 486 483 482 481 480 479 478 550 561 560 559 565 564 563 571 572 573 602 668 667 666 665 664 671 670 669 600 601 593 592 591 590 589 588 587 586 585 1007 1008 1009 1010 1020 1021 1022 1049 1051 1046 1048 1044 1023 1024 1043 1025 1040 1042 1041 1038 1037 1123 1120 1117 1116 1114 1110 1161 1162 1163 1164 1165 1272 1273 1274 1275 1270 1269 1268 1267 1196 1197 1198 1199 1200 1201 1202 1203 1204 1205 1221 1220 1219 1218 1217 1700 1699 1698 1697 1696 1695 1690 1687 1685 1686 1684 1682 1679 1660 1658 1657 1662 1663 1654 1655 1656 1818 1817 1816 1810 1809 1807 1806 2049 2051 2047 2046 2048 2045 2041 2039 2040 2054 2053 2052 312 323 2119 4 
0 5 13 14 2117 2116 306 307 309 308 299 300 301 263 262 261 260 259 258 257 2025 2024 2021 2022 2023 1834 1836 1837 1838 1642 1643 1644 1645 1664 1669 1233 1232 1231 1230 1241 1242 1243 1244 1245 1246 1247 1287 1288 1289 1290 1293 1294 1138 1139 1140 1141 1142 1143 1145 1128 1127 1124 1126 1125 1036 1035 1039 1031 1027 1026 976 984 985 986 987 988 989 990 992 991 820 816 817 818 809 810 808 807 811 812 813 814 815 819 821 825 824 823 822 804 805 806 802 803 830 829 828 827 826 965 966 980 981 982 979 978 977 975 1028 1029 1030 1032 1034 1033 1327 1326 1129 1130 1131 1321 1320 1319 1318 1309 1308 1307 1306 1305 1304 1303 1302 1235 1234 1641 1640 1639 1638 1637 1839 1840 2014 2015 2011 2012 2013 2000 2001 2002 2003 2004 2005 1998 1977 1978 1965 1966 1964 1942 1941 1940 1939 1938 1937 214 215 213 212 200 199 189 183 184 171 170 169 168 167 166 165 148 147 157 156 133 132 131 120 121 123 122 112 111 110 109 108 105 106 107 29 30 31 32 49 2151 
0 318 327 333 338 337 344 343 342 349 348 2063 2064 2074 2073 1802 2077 2076 2075 1801 1800 1796 1683 1681 1680 1659 1661 1675 1674 1673 1672 1671 1670 1668 1667 1666 1665 1226 1228 1227 1223 1207 1206 1216 1215 1214 1261 1262 1263 1264 1265 1266 1276 1281 1282 1153 1154 1155 1156 1157 1158 1159 1160 1109 1103 1104 1105 1056 1055 1052 1054 1053 1050 1000 1001 1002 1003 1004 1005 1006 996 995 994 993 584 583 582 581 580 579 578 577 697 689 688 701 700 699 698 686 687 682 683 684 685 680 677 679 678 599 603 556 557 558 553 554 555 604 605 544 543 615 614 613 612 542 540 620 538 539 541 545 546 547 548 492 493 491 490 489 488 487 477 476 484 485 1061 1071 1072 463 465 466 458 457 1077 1078 1080 1081 1083 1082 1086 1170 1173 1174 1175 1176 1177 1178 1185 1188 1187 1190 1191 1192 1716 1718 1717 1728 1729 1730 1731 1732 1733 1739 1742 1743 1754 1758 1759 1760 1761 1762 1764 1765 1780 1781 1782 2090 2091 2092 2086 2085 2084 2094 353 347 346 334 330 329 2124 2123 
0 2138 2136 2134 2128 2125 2111 2109 2107 2105 2102 2099 2096 356 359 362 365 367 369 371 377 379 381 383 386 389 391 393 404 407 409 411 412 415 417 419 420 426 428 429 427 430 431 453 452 451 450 448 447 501 502 503 504 505 506 507 508 509 499 533 623 622 624 621 619 618 617 616 628 634 635 646 645 644 642 643 647 648 649 650 651 653 652 654 655 656 657 608 606 607 609 610 611 658 659 660 661 662 663 672 673 674 675 676 681 598 597 696 694 691 690 707 706 705 704 703 702 714 715 713 712 711 710 709 708 693 692 695 596 595 594 574 575 576 570 569 568 567 566 562 552 551 549 1012 1011 1013 1014 1015 1016 1019 1017 1018 1060 1070 1069 1064 1065 1067 1100 1095 1169 1168 1167 1166 1184 1183 1182 1181 1180 1193 1194 1195 1708 1709 1707 1706 1710 1715 1714 1713 1712 1711 1705 1704 1703 1702 1701 1740 1741 1755 1756 1772 1774 1785 1784 1783 2089 2088 2087 2081 2082 2083 350 351 352 345 336 335 332 331 328 
0 2122 319 326 315 339 341 2080 2079 2078 1790 1688 1689 1694 1693 1692 1691 1222 1208 1209 1213 1256 1259 1251 1250 1249 1248 1286 1285 1284 1283 1152 1151 1150 1149 1148 1147 1146 1113 1121 1122 1045 1047 999 998 997 983 974 972 953 951 936 937 938 939 940 941 942 835 834 833 832 831 800 801 799 721 720 719 718 717 716 722 723 724 725 726 727 728 729 730 731 732 733 734 735 741 740 739 738 737 736 745 744 743 742 746 747 748 749 750 752 751 757 758 759 760 762 761 764 763 765 766 768 769 780 781 770 779 778 767 777 776 775 774 773 772 771 782 783 784 785 874 876 877 875 880 878 879 882 885 888 887 889 906 905 904 903 1458 1434 1433 1432 1431 1430 1429 1398 1399 1403 1404 1328 1325 1324 1323 1322 1314 1315 1316 1317 1310 1301 1237 1236 1238 1239 1240 1229 1225 1224 1676 1677 1678 1797 1798 1805 2050 2070 2066 316 
0 2140 50 44 45 33 34 28 27 25 22 20 104 103 102 101 100 99 113 114 124 125 126 127 128 129 130 135 137 139 246 248 249 252 250 251 2020 2019 2018 2017 2016 2010 2009 2008 2007 2006 1997 1972 1971 1967 1968 1855 1854 1853 1852 1851 1858 1888 1889 1884 1883 1882 1880 1876 1850 1557 1558 1559 1560 1561 1562 1568 1569 1570 1571 1572 1573 1574 1548 1544 1529 1528 1530 1536 1537 1538 1539 1376 1377 1379 1374 1373 1372 1384 1385 1386 1387 1389 1390 1391 1392 1440 1388 1439 1438 1437 1436 1435 1455 1456 1457 917 916 919 918 920 921 922 923 925 926 928 927 909 910 908 924 914 915 913 912 911 907 893 892 860 861 859 858 853 852 851 850 849 795 798 844 845 846 848 847 929 930 931 932 933 934 935 1427 1428 1426 1393 1394 1395 1396 1365 1366 1367 1368 1369 1370 1543 1545 1546 1547 1584 1585 1586 1605 1646 1649 1822 1823 1824 1825 1815 1814 1829 2033 2032 2031 2030 2029 2028 2027 2026 256 255 253 254 289 290 291 292 293 294 295 264 280 279 278 277 276 275 274 273 2114 2115 16 15 8 9 2139 
0 2147 2146 2142 2143 2145 2144 38 39 43 40 41 42 67 68 70 71 72 73 74 75 76 77 93 94 155 149 164 185 188 187 186 219 220 231 230 229 228 1995 1994 1993 1981 1982 1983 1984 1985 1987 1986 1847 1848 1628 1627 1626 1625 1624 1621 1618 1617 1616 1615 1600 1567 1566 1565 1564 1563 1620 1619 1849 1556 1522 1523 1521 1517 1516 1514 1511 1509 1507 1505 1495 1496 1497 1501 1499 1380 1381 1443 1444 1445 1446 1447 1448 1449 1450 1451 1452 1453 1454 1459 901 902 900 897 896 895 894 890 886 883 884 881 869 868 891 867 870 871 872 873 787 786 789 755 756 753 754 790 791 788 864 865 866 863 862 857 856 855 854 794 793 792 796 797 843 842 841 840 839 836 838 837 943 944 960 957 956 955 954 1413 1412 1411 1410 1409 1408 1407 1329 1330 1331 1332 1333 1334 1335 1311 1312 1313 1590 1591 1592 1593 1594 1595 1596 1597 1647 1648 1650 1651 1653 1652 1821 1820 1819 1813 1812 1811 2034 2035 2036 2037 2038 296 297 298 302 303 304 305 310 324 2118 12 

the actuall costs is 8624.61
the using frequency of each operators in EAX is following
the percentage of or-insert is 0.424753
the percentage of or-swap is 0.575247
all percentage of each operator is following 
0.405756  0.0148643  0.00312782  0.000717391  0.000186522  7.17391e-05  2.86956e-05  
0.27763  0.0352956  0.00565304  0.00160696  0.000631304  0.000286956  0.00012913  
0.0163996  0.0790134  0.0142474  0.00358695  0.00160696  0.000602608  0.000286956  
0.00278348  0.0130852  0.0227843  0.00856565  0.00307043  0.00121956  0.000688695  
0.000817826  0.00373043  0.00697304  0.0178056  0.00552391  0.00238174  0.00153522  
0.000172174  0.00154956  0.0032713  0.00509348  0.00691565  0.00417522  0.00235304  
0.000172174  0.00091826  0.00153522  0.00288391  0.00502174  0.0085226  0.00472043  


