the best solution's fitness is 
6171.89
the time when getting the optimal solution is 
5162
the sequence of best solution is following
0 328 331 337 344 350 2081 2087 1699 1702 1701 1703 1704 1705 1706 1270 1179 1180 1181 1182 1183 1184 1166 1167 1168 1169 1094 1100 1067 1065 1064 1060 1018 1017 1022 1021 1020 1010 1009 1008 1007 585 586 587 588 589 590 591 592 595 599 678 596 597 598 685 689 697 696 694 692 695 577 578 579 580 581 582 583 584 993 994 1006 1005 1004 1003 1002 1001 1000 1052 1054 1055 1056 1106 1107 1108 1114 1145 1143 1142 1141 1140 1139 1138 1294 1293 1290 1289 1288 1287 1247 1246 1245 1244 1243 1242 1241 1228 1227 1223 1208 1222 1221 1220 1694 1695 1689 1688 1791 2077 2074 2064 2063 341 340 314 325 321 2120 13 5 
0 29 269 278 279 280 264 295 294 293 259 258 257 256 255 253 2020 2019 2018 2017 2016 2015 2014 1842 1841 1636 1635 1634 1633 1624 1619 1620 1563 1564 1565 1566 1567 1569 1570 1571 1572 1573 1574 1548 1544 1529 1540 1541 1542 1376 1378 1375 1374 1373 1372 1384 1385 1386 1390 1389 1387 1441 1442 1383 1382 1379 1377 1499 1501 1497 1496 1495 1505 1507 1509 1511 1514 1516 1517 1521 1523 1522 1877 1876 1880 1882 1883 1884 1889 1888 1857 1856 1960 1956 1959 1958 1957 1955 1954 1961 1973 1972 1980 1979 1995 228 229 230 231 220 219 216 186 187 188 185 165 149 92 91 90 89 88 87 86 85 84 69 66 63 61 
0 2147 2146 2142 2143 2145 2144 38 39 43 40 41 42 67 68 70 71 72 73 74 75 76 77 93 94 96 95 117 118 155 154 153 152 151 160 158 159 150 164 163 162 161 175 174 176 177 178 179 180 192 191 190 195 197 198 196 194 193 201 202 203 204 205 206 207 208 209 210 211 1937 1938 1936 1935 1932 1931 1930 1927 1926 1928 1929 1933 1934 1942 1950 1951 1964 1965 1966 1963 1975 1974 1971 1967 1970 1969 1968 1855 1854 1853 1627 1628 1625 1626 1610 1611 1612 1613 1614 1602 1601 1599 1598 1588 1589 1580 1579 1578 1577 1592 1593 1594 1595 1596 1597 1603 1604 1605 1606 1607 1608 1609 1645 1647 1646 1823 1815 1814 1813 1827 2034 2035 2042 2055 2056 302 303 304 274 273 2114 2115 2116 15 14 8 9 2139 
0 2118 2117 306 307 309 308 299 297 296 2030 2029 2028 2027 2026 2025 2022 2023 1834 1833 1835 1836 1837 1838 1642 1643 1644 1641 1640 1639 1638 1637 1839 1840 1843 1846 1847 1852 1851 1858 1859 1890 1887 1886 1885 1881 1879 1878 1875 1874 1872 1870 1868 1866 1864 1860 1891 1894 1895 1898 1899 1900 1901 1903 1906 1904 1905 1913 1912 1911 1910 1909 1917 1914 1915 1916 1949 1946 1947 1948 1918 1919 1921 1920 1924 1922 1923 1925 1944 1945 1943 1941 1940 1939 227 226 225 224 223 222 221 214 215 213 212 200 199 189 184 183 182 181 173 172 171 170 169 168 217 232 233 146 145 144 242 241 240 239 244 243 143 142 141 140 136 137 139 246 247 288 287 286 285 284 125 124 112 111 110 109 108 104 20 22 25 27 28 34 33 45 44 50 2141 
0 324 310 2058 2040 2041 2044 1808 1811 1818 1655 1672 1668 1232 1302 1303 1304 1305 1306 1307 1308 1309 1317 1316 1333 1332 1331 1330 1329 1407 1408 1409 1410 1411 1412 1413 953 954 955 956 957 958 959 835 837 838 839 840 841 842 843 719 720 716 718 717 731 730 729 728 727 726 725 724 723 722 721 806 805 804 822 823 821 991 995 996 997 998 999 1045 1122 1121 1115 1698 1773 1785 2083 351 335 2123 
0 332 336 345 2084 2093 1779 1765 1764 1762 1749 1750 1748 1747 1738 1734 1735 1727 1726 1725 1724 1723 1722 1721 1171 1172 1091 1095 1096 1109 1103 1104 1105 1057 1058 1059 1053 1050 1049 1051 1048 1046 1047 1023 1044 1043 1025 1024 976 983 975 1026 1027 1031 1039 1035 1036 1125 1126 1124 1120 1117 1119 1118 1116 1113 1112 1111 1110 1146 1147 1148 1149 1150 1151 1152 1283 1284 1285 1265 1264 1263 1262 1261 1214 1215 1216 1204 1203 1219 1693 1684 1683 1681 1680 1678 1660 1658 1661 1662 1663 1654 1651 1650 1652 1653 1822 1825 1824 1832 1831 1830 1829 1828 2033 2032 2031 2036 2037 2038 298 301 300 277 276 275 270 271 272 19 18 17 16 6 7 49 48 2140 
0 318 327 333 338 342 348 2080 2079 2078 1790 1789 1787 1788 1696 1218 1205 1206 1213 1254 1255 1257 1258 1260 1277 1278 1279 1280 1281 1282 1153 1154 1155 1156 1157 1158 1159 1160 1097 1102 1073 1071 1072 469 468 500 506 507 508 509 532 530 529 622 625 626 627 630 633 637 636 646 645 647 643 642 644 640 639 638 641 631 629 527 526 525 524 523 522 521 520 512 505 504 503 502 501 447 448 449 450 451 452 453 431 430 427 426 420 419 417 415 412 411 409 407 404 393 391 389 386 383 381 379 377 371 369 367 365 362 359 356 2096 2099 2102 2105 2107 2109 2111 2125 2128 2130 2132 2134 2136 2138 3 
0 2149 2148 53 54 55 56 57 58 59 60 62 64 65 21 83 82 81 80 78 79 98 97 116 126 127 128 129 130 134 135 138 249 248 250 245 2006 1998 1999 1992 1991 1990 1983 1982 1981 1993 1994 1977 1978 1976 1962 1952 1953 1908 1907 1902 1897 1896 1893 1892 1861 1862 1863 1865 1867 1869 1871 1873 1520 1519 1518 1515 1513 1512 1510 1508 1506 1504 1503 1502 1498 1500 1491 1443 1444 1445 1446 1447 1448 1449 1450 1451 1452 1453 1454 1436 1437 1438 1439 1388 1440 1392 1391 1365 1366 1367 1368 1369 1370 1371 1543 1545 1546 1547 1583 1587 1664 1648 1649 1821 1820 1819 1812 1826 2043 2039 2057 305 
0 2124 330 334 346 352 2085 2090 1782 1769 1770 1776 1777 1778 1758 1757 1754 1741 1740 1739 1712 1711 1710 1707 1709 1708 1195 1194 1193 1189 1188 1185 1178 1177 1176 1175 1174 1173 1170 1086 1085 1089 1092 1093 1098 1099 1101 1066 1068 1069 1070 1061 476 484 486 477 487 488 489 490 491 550 561 562 560 559 558 557 556 603 605 604 555 554 553 552 551 549 498 536 533 499 472 470 471 1063 463 464 462 465 466 461 454 458 457 1077 1078 1080 1081 429 428 394 395 396 397 398 399 400 401 1736 1737 1744 1745 1746 1751 1760 1761 1763 1766 1780 2092 2094 354 2100 2101 2112 2113 2133 2135 2137 2 1 2150 2151 
0 12 323 2060 2053 2047 2048 1807 1816 1673 1666 1667 1233 1313 1312 1311 1335 1338 1339 1340 1341 1343 1342 1404 1405 1406 1414 1415 1418 950 952 949 948 947 946 945 960 944 943 929 930 931 932 933 934 935 1427 1428 1426 1393 1394 1395 1397 1364 1363 1362 1361 1360 1359 1576 1575 1581 1582 1584 1585 1586 1600 1615 1616 1617 1618 1621 1623 1622 1632 1631 1630 1629 1844 1845 2000 2001 2002 2003 2004 2005 1997 1996 238 237 236 235 234 218 167 166 148 147 157 156 133 132 131 119 120 121 123 122 115 114 113 99 100 101 102 103 24 23 26 35 36 37 52 51 46 47 
0 1799 1355 920 919 912 867 870 871 785 784 771 772 773 774 775 776 777 767 778 779 770 781 782 783 786 787 873 872 923 1422 1400 1310 
0 11 316 311 2066 2070 2071 1804 1800 1679 1677 1675 1226 1229 1230 1240 1239 1238 1236 1237 1301 1300 1299 1298 1297 1318 1314 1322 1323 1324 1325 1328 1326 1327 1033 1034 1032 1030 1029 1028 974 973 969 968 967 966 965 825 824 826 827 828 829 830 803 802 709 710 711 712 713 715 714 702 703 704 705 706 707 708 811 812 813 814 815 819 820 980 981 982 979 978 977 1040 1038 1037 1123 1127 1136 1137 1134 1133 1132 1296 1295 1292 1291 1252 1253 1212 1211 1210 1209 1692 1686 1685 1793 2075 1803 2072 2065 2061 313 317 320 2122 10 
0 319 315 339 343 349 2082 2088 1784 1775 1772 1774 1786 1697 1700 1217 1202 1201 1200 1199 1198 1197 1196 1267 1268 1269 1266 1276 1271 1275 1274 1273 1272 1165 1164 1163 1162 1161 1090 1088 1087 1084 1083 1079 1075 1076 456 455 459 460 467 473 474 475 497 496 495 494 493 492 548 547 546 545 544 543 612 613 614 615 655 654 653 652 650 651 648 649 635 632 634 628 618 619 621 620 540 542 541 539 538 623 537 535 534 531 510 511 513 514 515 516 517 444 445 446 443 442 439 438 437 436 435 434 433 432 425 424 423 422 421 418 416 414 413 410 408 406 405 392 390 388 387 382 380 378 376 370 368 366 364 363 358 357 2097 2098 2103 2104 2106 2108 2110 2126 2127 2129 2131 
0 4 322 312 2052 2050 1805 1798 1659 1674 1665 1231 1336 1337 1403 1402 1401 1423 1420 1421 1419 936 937 938 939 940 941 942 847 848 846 845 844 798 797 738 737 736 745 744 743 742 732 733 734 735 741 740 739 799 801 800 831 832 836 833 834 964 963 962 961 970 971 972 1129 1130 1131 1321 1320 1319 1691 1682 1795 1801 1802 2068 2067 
0 2121 326 2062 2076 1792 1687 1690 1207 1256 1259 1251 1250 1249 1248 1286 1135 1144 1128 1041 1042 984 985 986 987 988 989 990 992 816 817 818 809 810 808 807 693 691 690 701 700 699 698 686 687 688 684 683 682 674 675 676 681 680 677 679 669 600 601 593 594 574 575 576 570 569 568 567 1012 1011 1013 1014 1015 1016 1019 1186 1187 1190 1191 1192 1716 1715 1714 1713 1742 1755 1756 1771 1783 2089 2086 
0 1797 858 856 855 854 794 793 792 791 790 753 751 764 763 765 766 768 769 780 857 859 928 926 925 1424 1399 1334 1224 1794 2073 
0 2069 1796 1676 1225 1315 1416 1417 951 853 852 851 850 849 795 796 754 752 750 749 748 747 746 761 762 760 759 758 757 756 755 789 788 864 865 866 863 862 861 860 927 908 924 922 921 1425 1398 1344 
0 263 262 261 260 2024 2021 2012 2013 1848 1849 1558 1559 1560 1561 1562 1568 1524 1531 1532 1533 1534 1535 1494 1493 1492 1490 1489 1488 1487 1484 1482 1481 1477 1478 1475 1473 1471 1469 1467 1465 1464 1462 899 900 887 889 886 888 885 883 884 882 879 878 877 876 874 875 880 881 869 868 891 893 907 906 905 904 903 1458 1435 1352 1351 1235 1657 1806 2049 2051 
0 329 347 353 2091 1781 1768 1767 1759 1752 1753 1743 1733 1732 1731 1730 1729 1728 1717 1718 1719 1720 1082 1074 1062 485 483 482 481 480 479 478 566 565 564 563 571 572 573 602 668 667 666 665 664 670 671 672 673 662 663 661 660 659 658 611 610 609 607 606 608 657 656 616 617 624 528 518 519 440 441 402 403 385 384 375 374 373 372 361 360 355 2095 
0 32 31 30 107 106 105 268 267 266 265 281 282 283 292 291 290 289 254 252 251 2007 2008 2009 2010 2011 1989 1988 1984 1985 1987 1986 1850 1557 1556 1555 1554 1553 1552 1551 1550 1549 1525 1526 1527 1528 1530 1536 1537 1538 1539 1380 1381 1486 1485 1483 1480 1479 1476 1474 1472 1470 1468 1466 1460 1461 1463 898 1459 901 902 897 896 895 894 890 892 909 910 911 914 915 913 916 918 917 1457 1456 1455 1434 1433 1432 1431 1430 1429 1396 1356 1357 1358 1354 1353 1345 1346 1347 1348 1350 1349 1590 1591 1234 1669 1670 1671 1656 1817 1810 1809 2045 2046 2054 2059 2119 

the actuall costs is 6171.89
the using frequency of each operators in EAX is following
the percentage of or-insert is 0.408569
the percentage of or-swap is 0.591431
all percentage of each operator is following 
0.335794  0.0475497  0.0144257  0.00551676  0.00265274  0.00156112  0.00106814  
0.232549  0.0507894  0.0138154  0.0053759  0.00280533  0.00118552  0.000985973  
0.0291449  0.0527965  0.01925  0.00767651  0.00384999  0.00181936  0.00126768  
0.00737132  0.0194378  0.0229474  0.0102001  0.00455426  0.00253536  0.00173719  
0.00296966  0.00759434  0.00926111  0.0109983  0.00613886  0.00340396  0.00200716  
0.00160808  0.00366219  0.00448383  0.00586889  0.00764129  0.00443688  0.00277012  
0.00107988  0.0021128  0.00306356  0.00406127  0.00515288  0.00636188  0.0046599  


